





















-1.44843284059004E-19
-1.31500437933034E-19
-1.39068250029639E-19
-1.4034981097929E-19
-1.32916416176787E-19
-1.42437694849016E-19
-2.82579224552476E-18
-2.74226327201076E-18
-2.72211117700214E-18
-3.00827092612458E-18
-5.67721184501232E-19
-5.57099563909705E-19
-5.71345524466388E-19
-2.50485302662162E-18
-2.61953747328341E-18
-2.60459740606015E-18
-2.35142383446599E-18
-2.41286654336165E-18
-2.3755980150151E-18
-5.26863043679343E-19
-5.60273889406909E-19
-5.50264537566196E-19
-5.40636494367033E-19
-5.67721E-19
-5.571E-19
-5.71346E-19
-5.95060417112961E-19
-6.0344325284222E-19
-6.266367187052E-19
-6.266367187052E-19
-5.66027029954783E-19
-5.69263536610311E-19
-6.13384771827243E-19
-5.948409908106E-19
-5.69672708891603E-19
-4.04965582118233E-19
-4.0356699701816E-19
-4.16434759094871E-19
-4.2996429179267E-19
-4.06371809759835E-19
-5.29463310875924E-19
-5.16798452974318E-19
-4.96777893059601E-19
-5.1160162678369E-19
-5.40963299264075E-19
-5.54154462415189E-19





