1.00453
0.993993
1.00053
0.996263
0.992537
1.00443
1.00352
0.995695
1.00107
0.99377
0.995276
1.00522
1.00068
0.994585
0.998508
1.00374
0.99604
1.00515
0.998409
0.998088
1.00357
1.00162
0.995818
1.00088
1.00043
1.0031
1.00302
1.00386
1.0083
1.0051
1.00732
1.00058
1.00478
0.999816
0.992932
1.00399
1.00379
1.00117
1.00132
0.999742
1.00714
0.996657
0.993696
0.998607
0.997916
0.993326
1.00478
1.00329
1.0007
0.993055
0.995547
1.00209
0.999594
0.996781
0.998286
1.0045
1.00194
1.00088
0.999001
1.00334
0.998804
1.00354
0.998631
0.994017
1.00468
1.00176
0.998409
1.00233
0.99683
0.996756
1.00233
0.999495
1.00107
1.00369
0.999816
0.999421
1.00364
0.995276
0.994683
1.00322
0.999371
1.00793
0.997101
0.999742
0.997398
1.00391
1.00194
1.00088
0.996238
0.997842
0.996016
1.00046
0.999791
1.001
1.00172
0.996657
1.00159
0.994215
0.998335
1.00095
0.990439
1.00142
0.996953
0.996263
0.997595
0.998261
1.00495
1.00206
0.996287
1.00056
1.00038
1.00687
0.999421
0.99419
0.998853
1.00093
1.00206
0.993844
0.994979
1.00418
1.00194
0.999371
1.00505
1.00105
1.00236
1.00127
1.00014
1.0049
1.00048
0.998853
1.00028
1.00011
1.00181
0.999594
0.998903
0.999075
1.00283
1.00115
1.00075
0.999297
1.00016
0.997595
1.00339
1.00376
1.00295
0.997225
0.99762
1.00117
0.99683
1.00176
0.9991
1.00756
0.999445
1.00169
1.00223
0.996114
0.998631
1.00167
1.00063
1.00058
1.00095
0.995596
1.00157
1.00016
0.997817
1.00036
1.00075
0.9915
1.00337
1.00051
1.00221
0.995202
0.998409
0.9991
1.01114
1.00083
0.997299
0.998088
1.00576
0.999569
1.00376
1.00241
0.997694
0.996855
1.00613
1.00068
1.00697
0.995744
0.99799
0.997743
0.998952
1.00635
1.00349
1.00144
0.999692
0.997324
0.995276
0.994165
1.00539
0.99831
0.99831
1.00285
1.00179
1.00401
1.00051
1.00085
1.00009
0.996189
1.00147
0.999766
0.993474
1.00537
0.999717
1.00073
0.99762
0.999939
0.996978
1.00273
0.996238
1.00135
0.995596
1.00334
1.00663
0.994313
1.00253
0.99836
0.997027
1.00455
1.00174
0.996411
0.99377
0.99947
0.99947
0.995868
0.999692
0.997077
1.00246
1.00083
1.0012
1.00122
1.0028
1.00159
0.996633
1.00169
1.00105
0.993993
0.996312
1.00401
0.996016
0.998335
1.00295
1.00112
0.995942
0.998014
1.0029
1.00729
1.00024
1.00406
1.00381
1.00006
1.00384
0.999026
1.00206
1.00613
1.00041
0.995769
0.998064
0.996657
1.00238
0.999075
1.00078
0.998261
0.995448
1.00189
0.996139
0.999717
0.999643
1.00098
0.998829
1.00152
1.00364
1.00075
0.997521
1.00317
0.999939
1.00043
0.998952
1.00125
0.999297
0.994733
1.00174
1.00443
1.00209
0.999396
0.998631
1.00492
0.995078
1.00233
0.999643
1.00273
1.00717
1.00529
0.997792
0.996065
1.00295
1.00564
1.00105
0.998236
0.994708
0.99984
0.999939
0.999051
1.00117
1.00083
1.00502
1.00643
1.00009
0.997274
1.00273
0.995152
0.99762
1.00048
1.0012
0.994215
1.00117
1.00199
0.996435
0.995226
0.989255
1.00354
1.00433
1.00576
1.00295
0.99535
1.00667
1.00956
1.00263
0.992709
0.993746
0.998162
1.00169
0.999692
0.995942
1.00833
1.0007
0.999026
0.999026
1.00137
0.999914
0.998236
1.00038
1.00426
0.991106
1.00243
0.99831
1.00031
1.00376
0.998113
1.00515
1.00031
1.00164
1.00019
1.00122
1.00581
1.00132
0.996361
0.99493
1.00216
0.998483
0.995004
0.998755
1.0027
1.00056
0.999865
0.999964
1.00946
1.00416
0.997225
0.999322
0.999742
0.997817
0.995177
1.00322
1.00808
0.993869
0.996904
0.990612
0.997052
1.0063
0.999174
0.98854
0.99757
1.00004
0.999816
0.994017
1.00028
0.993573
0.992685
1.00238
1.00744
1.00811
0.995177
0.995843
0.998138
0.99725
1.00386
0.997694
0.997422
1.00117
1.00769
0.997126
0.998853
0.996608
0.995991
1.00655
0.997398
1.00391
1.00038
1.00347
1.00401
0.998236
1.00362
1.00167
1.00374
1.00196
0.994757
0.995128
1.00332
0.997398
1.00455
0.997398
0.999421
0.997792
0.996213
1.00238
0.993252
0.992339
1.00376
1.00144
0.996263
1.00408
1.00421
1.00487
1.00053
0.996608
0.999668
1.00643
1.0008
0.995325
1.00366
1.00761
0.997422
1.00403
0.992438
0.996337
1.00302
1.00428
0.993968
1.00438
1.00423
1.00019
0.997299
1.0027
0.997225
0.999445
1.00359
0.995128
1.00041
0.999618
0.999421
0.997052
0.999865
1.0067
0.998286
0.999051
0.99725
0.996756
0.995794
0.998162
1.00448
1.00112
0.998236
0.998829
1.0011
1.005
1.00658
1.00115
0.99836
1.00258
1.00322
1.00655
1.0013
0.999421
0.999939
0.995892
1.00806
0.997299
0.997644
1.00894
1.00665
0.996978
0.999396
0.996534
0.999914
1.00053
1.0032
1.01015
1.00349
1.00418
0.999865
1.00413
1.00297
0.999692
1.00019
1.00164
0.993894
1.00364
1.00823
1.00046
1.00275
0.995695
0.997324
1.00186
1.00206
0.999692
0.995818
1.00031
1.00228
0.995498
0.998607
1.00436
0.998187
1.00527
0.994881
0.997694
1.00184
1.00043
1.00359
1.00527
0.99419
1.003
0.993302
1.00125
1.00675
0.989132
0.996781
1.00327
1.00362
0.992537
1.00329
1.00199
1.00236
1.00418
1.00589
0.997077
1.00643
1.0082
0.990094
1.00596
1.00223
1.00556
0.991673
0.997891
1.0012
1.00399
0.999865
1.00317
0.996534
0.996016
0.996756
0.99456
1.0011
1.00344
1.00416
0.9934
1.00024
1.00885
0.994585
0.994141
0.996213
0.994979
0.99572
1.00362
0.994511
0.995991
1.00206
0.998113
1.00228
0.99567
1.00167
1.00598
0.998681
1.00571
0.995103
0.999816
0.998533
1.00083
1.00228
1.00258
0.998508
1.00722
0.993672
0.995646
0.998903
0.997225
0.999569
1.00912
1.0047
0.995596
0.997027
0.999199
1.00137
1.00135
1.00564
1.00285
0.999273
0.998927
1.00147
1.001
0.996756
0.999544
0.99762
1.0028
1.00475
1.00448
1.0067
1.00352
1.00527
0.998039
1.00399
0.99952
0.996608
1.00569
0.996213
1.00524
0.997003
0.995547
1.00453
0.999742
0.996978
0.999766
1.00359
1.00263
1.00332
1.00406
1.00315
0.999125
1.0047
1.00196
0.995744
1.0012
1.00088
1.00006
0.998138
1.00418
0.995991
1.00236
1.00061
0.995621
1.00448
1.00159
1.00189
0.997546
0.994905
0.998138
0.998977
1.00204
0.996189
1.00374
1.0064
0.999766
0.999988
0.999174
0.996805
1.00189
1.00147
0.994585
1.00352
1.00936
0.997447
1.00295
1.00046
0.997027
0.993203
0.998903
1.00613
0.994067
1.00384
1.00019
0.994165
1.00174
1.00719
0.99947
1.00754
1.00053
0.996016
0.994091
0.997792
1.00613
1.00014
1.00416
0.997546
0.998853
0.996213
0.995078
0.999791
0.999618
0.989823
0.997718
0.998977
1.00191
1.00255
0.99873
1.00966
0.994067
0.996263
0.999717
0.996435
0.996435
0.998409
1.00093
0.995892
1.00389
1.01136
1.00196
0.99947
1.00714
0.992364
0.996189
0.994782
0.995424
0.999248
1.00127
0.997398
1.00362
1.00633
0.996361
0.994511
1.00349
0.999445
1.00302
0.998434
0.996953
1.00302
0.999791
1.00189
1.00169
0.995769
0.997151
1.00154
1.00552
0.997842
0.999495
0.99762
0.998385
1.00492
0.99836
1.00253
0.998434
1.00243
0.999322
1.00053
0.997521
1.00065
1.00253
1.00966
0.994239
1.00112
1.00189
0.997817
0.997694
1.00038
1.00253
0.9953
1.00196
1.00043
1.00714
0.99683
1.00147
1.00386
0.996953
1.00157
1.00154
0.999371
0.997472
1.00011
0.997422
1.00556
0.998187
1.00559
1.0051
0.994708
1.00665
1.00112
1.00241
0.995202
1.00327
0.99989
0.996238
1.00243
0.998385
0.998064
0.999692
0.994412
1.00149
0.999914
0.996435
0.998014
0.992463
0.999495
1.00186
0.99989
0.999742
0.996337
0.999544
1.00544
0.998829
1.00144
0.996953
0.996756
1.00389
1.00366
0.99757
1.0026
1.00344
0.996164
0.997027
1.00102
0.997916
0.99799
1.00468
1.00181
1.00246
0.998557
1.00781
0.995276
1.00053
0.995843
0.99836
1.00061
1.00125
1.00344
1.0049
1.00648
1.00433
1.00436
0.999816
1.00127
1.00292
0.998385
0.999618
0.99873
1.00021
0.999742
1.00374
1.00236
1.00223
1.00243
1.0011
1.00147
0.991574
1.00862
1.00638
0.9972
0.994264
0.992512
1.00031
0.998385
1.00162
0.999051
1.00255
1.00186
1.00265
0.999445
0.999692
0.997299
1.00685
1.00754
0.993894
0.996657
1.00576
0.999742
0.997916
1.00169
1.00011
0.995522
0.998187
1.00046
1.00478
0.993474
0.997225
0.996435
1.00075
0.994634
0.996657
0.999174
1.00115
0.997916
0.99831
1.00053
0.994215
0.99873
0.998755
1.00584
0.999964
1.00475
1.00033
0.997496
0.996904
0.998088
1.00337
0.994042
0.995251
1.00717
1.00132
1.00559
1.00006
1.00255
1.00589
0.998582
1.003
1.00389
1.00004
0.99456
0.998212
1.00095
1.00253
0.999149
0.993943
0.999075
0.999791
1.00142
1.0012
1.00801
1.00186
1.00159
1.00046
1.00095
0.998335
0.999495
0.996361
0.999051
1.00263
0.997743
0.99377
1.00593
0.996509
0.993943
1.00371
1.00705
0.999248
0.996534
0.996904
1.00734
0.996904
1.00162
0.998286
0.998804
0.998434
1.005
1.00485
1.00053
0.998113
0.999445
0.999569
0.998582
0.996509
1.00288
1.00292
0.9991
1.00421
1.00051
0.998656
1.00692
0.994585
0.993425
0.999914
0.996534
0.999668
1.00063
0.998459
1.00569
0.999865
1.00332
1.00231
1.00468
1.00285
0.99952
0.99947
1.00275
1.00527
1.00297
1.0011
0.993943
0.996435
1.00186
0.99799
1.00115
0.997151
0.995695
0.995596
0.999495
1.00362
1.00993
1.00512
0.998459
1.00265
0.999914
1.00028
1.0031
1.0007
1.00139
1.00297
0.99762
1.00085
1.00251
1.0065
0.999495
0.990588
1.00061
0.996386
0.999964
0.996559
1.00051
0.999174
1.00209
0.994239
1.00613
1.0085
1.00436
1.00186
1.00853
0.995128
0.996411
1.00043
1.00902
1.00505
0.99456
1.00112
0.993919
1.00142
0.999445
0.999766
0.993154
0.998434
0.999791
1.00233
0.998533
0.995621
1.00374
0.994215
1.00492
0.997299
1.00362
0.997916
1.00176
0.998977
0.989033
0.999248
1.00391
0.997842
1.00554
0.998261
0.998434
1.00206
1.00152
0.997891
1.00465
1.00344
0.991328
0.998681
1.00223
1.00635
0.989008
1.00556
0.999347
0.998878
0.997768
0.99382
1.00218
1.00315
0.999569
1.00586
1.00167
0.999223
1.00746
0.997669
0.995276
0.998088
1.00364
0.997669
1.00162
0.994215
1.00053
0.998582
0.993548
1.00228
0.997422
1.00534
1.00297
1.00107
0.99799
0.999297
0.993277
1.01154
0.998113
1.00285
1.00268
1.00011
0.999026
0.997077
0.999791
0.99382
1.0044
1.00556
0.995794
1.00021
1.00127
1.00547
0.995843
1.00152
1.00174
1.00019
1.00485
1.00204
0.998014
1.00265
0.992241
1.00228
0.99836
1.00576
1.00127
1.00349
0.997768
1.00088
1.00682
0.997866
0.997398
0.997447
1.00334
1.00692
0.999816
1.00658
0.997965
0.996361
0.996164
1.00184
0.990069
0.997866
1.00349
0.982593
0.997472
1.00273
1.00144
1.00033
0.999371
1.00902
1.00243
0.991797
0.997348
1.00157
0.998557
0.991698
1.00009
0.99989
1.00028
0.99757
0.998878
1.00658
0.998631
0.999914
1.00482
0.99604
1.00196
1.00754
1.00137
0.99762
1.00386
1.00014
1.00236
1.0026
0.988515
0.999791
1.00288
0.998804
1.00337
1.00014
1.0045
0.99456
1.00394
0.997768
0.998681
1.00793
0.998878
1.00031
0.998533
1.00433
1.00512
0.994091
1.00001
0.999001
0.996139
1.00978
1.00524
1.00478
1.00532
0.995892
0.999594
0.9991
1.0029
1.00813
0.999075
1.00369
1.00312
1.00038
1.00376
0.999618
0.991599
1.00246
0.998681
0.997324
1.00406
1.00635
1.0007
1.00692
0.998533
0.999248
0.999766
0.997274
0.997373
1.00068
1.00579
0.999075
1.00329
0.995448
1.00176
0.997398
1.00243
1.00031
1.00396
1.00675
0.9991
0.997669
0.993548
1.0009
1.00248
1.00492
0.99873
1.00665
0.998557
0.999174
1.00144
1.00221
1.00053
0.995596
1.00485
1.00364
0.998064
0.997175
1.00401
0.99646
1.00038
0.995695
0.998829
0.994461
0.997496
0.997644
1.00102
0.995794
1.00305
1.00115
0.99604
0.999297
1.00559
0.998903
0.997718
0.999791
0.996337
1.00228
0.998779
0.998064
1.00337
1.00312
0.995917
1.00144
1.0051
1.00315
1.00028
0.994782
0.999001
1.00418
1.00283
1.0013
1.00399
0.997299
1.00142
0.997546
1.00181
0.997644
1.00056
1.00552
0.997644
1.00191
0.999643
0.999643
1.00024
1.0008
0.998681
0.998656
1.00162
1.00497
0.988959
1.00285
1.001
0.994659
1.00357
0.998064
1.00566
0.997052
1.00524
1.00095
0.995744
1.00428
1.00176
1.00011
0.999445
0.998187
0.994264
1.00339
1.00068
0.997644
1.00327
1.00176
0.997595
0.99757
1.00475
0.998039
1.00093
1.00228
0.998829
1.00031
0.999594
0.998039
0.994116
1.00233
0.994239
1.00505
0.992043
1.00073
0.995325
0.99377
1.00949
0.993993
0.998064
1.00732
1.00019
0.995892
0.997743
0.997891
0.997274
0.99762
0.99725
0.997768
1.00586
0.993154
0.998088
0.997669
0.998236
0.996312
0.998508
1.00085
1.00073
0.996337
1.00085
0.997126
0.999816
0.994905
0.994634
0.997299
0.999692
0.996189
0.996114
1.00793
1.00394
1.00329
1.00014
0.996781
1.00322
0.994215
0.999618
0.994042
1.00199
0.999643
1.00174
0.998162
1.00194
1.00275
1.00209
0.998088
1.00021
1.00122
0.999421
0.995498
1.00697
0.997447
1.00033
0.999199
0.998705
1.00063
0.99683
1.00226
1.00381
0.994437
1.00297
1.00038
0.992339
1.00063
0.998533
1.00549
0.998557
1.00443
1.00495
0.998212
1.00273
0.996386
1.00021
0.998755
1.00438
0.997817
1.00117
0.997398
1.00663
0.998631
0.994091
1.00391
1.00544
0.997768
0.995917
1.00665
1.00278
0.999544
1.00223
0.99794
1.00056
1.00485
0.998162
0.999421
0.998014
0.998162
1.00255
1.00167
0.994782
1.00125
1.00307
1.00292
1.00135
1.00179
0.997521
0.998755
0.997965
0.998533
1.00515
0.994634
0.995226
1.00216
1.00349
1.00006
1.00125
0.997225
1.00482
0.99984
0.999199
1.00426
1.00253
1.00959
0.996238
0.992932
1.0027
1.0009
1.00048
0.996337
0.997546
1.00174
0.999421
0.995152
1.00204
1.00058
0.999914
0.998459
0.991797
1.001
1.00061
1.00152
0.998187
0.994141
1.00297
0.996657
0.995004
0.999643
0.997694
0.993548
0.997644
0.998804
1.00223
0.999791
0.998261
1.0013
0.993943
1.00764
1.00468
1.00231
1.00431
0.998039
1.003
0.997743
1.00236
0.992784
1.0031
0.996559
1.00359
1.00056
1.0028
1.0009
0.999297
0.998212
0.997348
1.00019
1.00268
0.997743
0.998779
0.997151
1.00297
0.997842
0.999075
0.994215
1.003
1.00046
0.994733
0.992241
1.00157
1.00329
1.00179
1.00485
0.993499
1.00364
1.00243
0.995103
0.998138
1.00532
0.995572
0.999347
1.00534
0.998656
0.996657
0.997496
0.996189
0.998656
1.00315
1.00305
0.99873
0.99572
0.999421
1.00529
0.993795
1.00078
0.997126
0.997348
0.997324
1.00132
1.00105
0.998483
1.00098
1.00438
0.996781
0.998014
0.999618
1.00315
0.995917
1.00258
0.992216
0.993548
1.005
1.00329
1.01168
1.00268
0.995498
1.00621
1.00517
0.997422
0.998853
1.00122
1.00043
1.0032
1.0051
1.01072
0.996509
1.00095
1.00149
1.00655
1.00014
0.997718
1.00386
0.998631
0.999223
1.00231
1.00194
0.998829
0.995498
1.00552
1.00026
1.00157
0.996756
0.999717
1.00186
1.00327
1.00056
1.00364
0.996361
0.99984
1.0009
0.996633
0.999865
0.996756
0.999816
1.00421
0.999396
1.0008
0.992142
1.00001
0.999816
1.00285
0.98923
0.997891
1.00004
0.997496
1.00369
0.999865
1.00179
0.995276
1.00547
1.00263
0.994782
0.996731
1.00729
0.997891
0.998434
1.00569
1.00761
1.00083
1.00026
0.997225
0.999223
1.00144
0.997003
0.996756
1.0026
1.00273
0.995202
0.995621
1.00107
1.00394
0.99493
0.999643
0.998138
1.00223
0.997373
1.00292
1.00073
1.01292
1.00073
1.00164
1.00164
0.998409
1.00036
0.998903
0.998927
1.00769
0.99762
1.00248
1.00362
1.00305
0.999569
1.00386
1.01033
0.997891
0.99725
0.996238
1.00848
1.00144
1.00075
1.00342
0.995325
0.997101
1.00041
0.999297
0.990168
1.00685
0.999421
0.991204
0.99984
0.987651
0.996583
1.0029
1.00653
1.00236
1.00102
0.996435
0.997052
0.999396
0.995078
0.995054
0.999174
0.995621
0.994659
1.00176
0.997792
1.00041
0.999421
0.993919
0.999026
0.99762
1.00532
0.990439
0.993376
0.999322
1.00053
1.00263
1.00332
0.99794
1.00036
0.99609
1.00626
0.996312
0.998903
1.00288
1.00288
1.00354
0.994807
1.00107
1.00374
1.00443
0.992734
0.996263
0.997916
0.999273
1.00132
0.992759
1.00357
1.00001
1.00078
1.00088
1.00085
0.996139
1.00051
1.00006
1.00107
0.996213
0.99609
0.999174
0.99535
0.988762
1.00139
1.00241
1.0032
0.990711
1.00325
1.00408
0.99794
0.996361
1.00236
1.00181
1.00436
0.995892
0.994091
1.00485
1.00386
0.993622
1.00386
1.00621
1.00137
1.00529
0.998014
1.00431
0.998113
1.00137
1.00186
1.00061
1.00078
0.999594
0.999692
1.00539
0.999988
1.00482
1.00164
0.998927
1.00253
0.993277
1.00152
1.0031
0.999149
0.9991
0.996929
0.998335
0.996978
0.998977
0.998631
1.00586
0.998878
0.9972
1.001
0.996287
1.00031
0.999075
0.997669
1.00048
0.998829
0.9972
1.00065
1.00152
1.00189
0.993573
1.00095
0.99572
1.00517
0.998385
0.999421
0.996978
0.998409
1.00201
0.995522
0.998236
1.00616
0.998138
1.00396
1.00497
0.996953
1.00433
1.00297
0.996855
1.00332
0.991747
0.998459
0.990612
1.00401
1.00571
0.995818
0.997472
1.00312
0.994757
0.999495
0.997299
0.994239
0.99947
1.00021
0.996114
1.00243
0.995276
1.00009
1.00428
1.00436
0.995399
1.00152
0.99762
0.997792
0.992882
1.00613
1.00478
1.00322
0.997447
0.997299
0.997225
1.00416
1.00179
1.00174
0.993277
0.991945
1.00759
0.99303
1.00223
0.999988
1.00139
0.996164
1.00255
0.997521
1.00342
1.00519
1.00221
0.998557
0.997299
0.999322
0.99836
1.00085
0.993573
1.00305
1.00053
0.997003
1.00263
0.999026
1.00043
0.997669
0.997718
0.996559
0.99952
1.00093
1.00036
1.00263
0.997175
0.99345
0.99567
1.00068
0.996781
0.996805
0.998533
1.00315
0.998582
1.00048
1.00347
0.999914
0.997595
1.00226
1.00423
0.998014
0.996114
1.00001
0.99456
0.995572
1.00408
0.999569
0.992981
1.0031
0.995942
1.00423
1.00371
0.994313
1.00317
1.00322
1.00004
1.00709
1.00147
1.00137
0.999347
0.999544
1.00251
1.00384
1.00428
0.999594
1.00169
0.998508
0.997052
0.999643
1.0012
0.998113
1.00371
1.00041
1.00788
0.9934
0.995769
1.00334
0.991599
1.00586
0.999791
0.991649
0.998853
0.996065
1.00176
0.998607
0.998508
1.00186
1.0011
0.997842
1.00211
0.997842
0.998804
0.998705
0.9915
0.998483
1.00191
0.995251
1.00147
1.00112
1.00468
1.00445
0.995769
1.00495
0.998607
1.0051
0.99567
1.00122
1.00073
0.997472
1.00443
1.00112
0.992191
1.00285
1.00401
0.997546
0.994979
1.00201
0.993672
1.00127
1.00174
1.00352
1.00213
1.00317
1.0048
0.999643
1.00258
1.00497
0.996633
1.00248
0.99604
1.00559
0.993795
0.993548
0.999248
1.00349
0.994757
1.00152
1.00862
0.995325
0.994831
1.00705
0.998927
1.00312
0.991945
1.00112
0.996386
1.0049
0.99799
0.999347
0.993943
1.00658
1.00201
1.00194
0.994412
1.00199
0.994338
0.996781
0.990859
1.00075
1.0049
1.00048
0.999223
0.998236
0.994511
1.00241
1.0027
0.998064
1.00379
0.999964
0.997669
0.997052
0.992611
1.00112
1.00265
0.999618
0.997299
0.996361
0.994634
1.00386
1.00036
1.00552
1.00179
0.997768
0.99725
1.00112
1.0066
0.997866
1.00539
1.00139
0.995572
1.00438
0.997398
1.00019
1.00322
1.00238
1.00194
0.996016
0.996953
0.999816
1.0027
0.999717
0.994757
1.00601
0.997175
1.00803
0.995078
1.00041
1.0032
0.994782
1.00502
0.999273
0.99762
1.00349
1.00465
1.00283
0.996337
1.00164
1.00102
1.00024
0.99799
0.99683
0.996781
1.00038
1.0007
0.995029
1.00411
0.996608
0.999248
0.999495
1.00152
0.995942
1.00786
0.999618
1.0031
1.00238
0.999816
1.00001
0.998779
0.993252
0.996756
1.0026
0.998631
0.994338
0.997348
1.00421
1.00729
0.996213
1.00552
0.99873
1.00068
0.997521
1.0067
1.00241
0.996953
1.00502
1.00172
1.00561
1.00028
0.996904
1.00172
1.00169
1.00209
0.997472
1.00213
1.00063
0.996411
0.997718
1.00093
0.995473
0.998138
0.996978
1.00285
1.00315
0.994338
1.00065
1.00011
1.00635
1.00729
1.0007
1.00228
1.00073
0.990069
1.00033
1.00125
1.00697
0.99947
0.997792
0.999988
0.999569
0.995522
1.00337
1.00406
0.996855
0.997595
1.00191
0.992117
1.00132
1.00263
1.00779
0.997792
0.990884
0.998755
1.00216
0.995103
1.00418
1.00204
1.00041
0.999421
1.00167
0.997324
0.999125
0.997718
1.00791
0.998804
1.00243
0.99794
1.00835
0.997324
0.999988
1.00576
1.00771
1.00191
0.998261
0.997472
0.995917
1.01092
1.00127
0.99725
0.997052
0.994363
1.00226
0.999717
1.0008
0.998853
1.00243
0.998977
1.00127
0.997299
0.998582
1.00549
1.00465
0.995744
0.998903
0.999174
0.998014
0.995103
0.997398
1.0029
1.00016
0.996608
1.00098
0.996485
0.999742
1.00436
1.0012
1.00312
1.00305
1.00073
1.00075
0.996682
1.00626
0.99762
0.996139
1.0044
0.994511
1.00194
0.994437
1.00534
0.999914
0.998212
1.0031
0.999051
0.998409
0.996139
1.00581
1.00026
1.00835
1.00248
1.00107
1.00223
1.00808
1.00638
0.993129
1.0067
1.00238
1.00147
0.990489
0.996756
1.00006
0.998508
0.995128
1.00875
0.998261
1.00016
0.996509
1.00095
0.996485
1.00231
0.999717
1.00248
1.00157
0.998804
0.991698
1.00628
1.00221
1.00063
1.00246
1.00519
1.00228
1.00179
1.00186
0.998779
0.995399
1.00132
1.00021
0.995177
0.995128
1.00216
1.00009
0.993968
0.998582
1.00473
0.992956
0.999371
1.00172
1.00167
0.996707
0.994239
1.00179
0.995695
0.997694
1.00403
0.998483
1.00019
1.00046
1.00137
0.99989
1.00332
0.994264
1.00971
1.00157
0.998681
1.00135
0.998064
0.995596
0.999445
1.00226
1.00098
0.999988
1.00574
0.996189
0.999939
0.99952
0.99683
0.999322
0.999001
1.00339
1.00485
1.00009
0.998705
1.00401
0.997373
0.997521
0.999001
1.00265
1.00297
1.00078
1.00196
1.00394
0.995152
0.989625
0.999668
1.00021
1.00268
1.00327
0.997644
1.00033
0.998557
0.999001
0.997175
0.999865
0.992413
0.999174
1.00307
1.00411
0.999075
0.998508
1.00621
1.00019
1.00352
0.997175
1.00337
0.998236
1.00793
1.00359
1.00053
0.996855
1.00144
1.0008
0.998212
1.00791
1.00519
0.99984
1.00347
1.00759
1.00063
0.996682
0.998335
0.993573
0.999371
0.992561
0.997348
1.00115
0.998385
1.00181
0.995621
1.00046
0.998705
1.00791
1.00238
0.998705
0.998804
0.998681
1.00357
1.00238
1.00117
0.999273
1.00216
1.00315
0.998903
0.999445
0.999001
0.998705
0.993351
0.996287
1.00122
0.999569
0.999791
1.00411
1.00798
0.996583
0.996682
0.999026
0.999051
0.995276
0.998705
0.994708
0.997965
1.0009
1.00085
0.995572
0.992265
0.998681
0.998212
1.00613
0.999964
0.993746
1.00088
0.999297
0.994412
0.998977
0.997669
0.995892
0.996386
1.00075
0.998187
1.00019
1.00376
0.996559
1.00093
0.998631
1.00172
0.989502
1.00453
0.999692
1.00838
0.997324
0.996312
1.00596
0.997768
1.00359
0.993721
0.996287
1.00251
1.00159
0.998088
1.00369
1.00364
1.00386
1.00019
0.99419
1.00547
1.00238
1.00176
1.00221
0.999297
0.998088
0.999347
1.00532
0.996485
1.00366
1.00512
1.00159
0.997324
1.00403
0.996879
0.999051
1.00687
0.997348
0.999322
1.00167
1.0007
0.990538
0.998927
1.00172
1.00317
0.99604
0.995202
1.0031
1.00352
0.998212
1.00085
1.00258
0.999742
1.00162
1.00275
1.00406
1.00125
1.00115
1.00497
1.00162
0.996485
0.998533
1.00455
1.00352
1.00041
1.003
0.999149
0.99947
1.00379
1.00095
0.994856
1.00179
1.0007
1.00463
0.999273
1.00117
1.00478
1.00157
0.999742
0.996978
1.00058
1.00228
1.00305
1.00211
0.995251
0.997077
0.99757
0.99947
1.00105
1.00783
1.00275
1.0007
0.993622
0.997003
0.999273
0.998286
1.00112
1.0026
1.0013
1.00102
1.0028
1.00364
1.00455
0.995473
0.999075
1.00102
1.00031
1.00374
1.00006
1.00576
1.00423
0.99989
0.994017
0.999026
0.997027
1.00211
0.997792
1.00068
1.00487
1.00107
0.997718
0.998977
1.00702
0.996657
1.00618
0.998607
1.00068
1.00078
0.997669
0.995177
1.00068
0.999174
1.00354
1.00159
1.0008
0.996953
0.999026
1.00199
1.00117
0.994634
0.998829
1.00078
0.999569
0.998878
1.00667
0.993228
1.00389
0.99567
0.992833
1.00722
1.00085
0.998607
1.005
0.998483
1.00036
0.998187
0.997891
1.00085
1.00209
1.00672
0.99609
0.99873
1.00788
0.996287
1.00073
1.00322
1.00132
0.996485
1.00031
0.995054
0.999199
0.999174
1.00413
1.00487
1.0028
0.996633
1.00413
0.999347
1.00196
1.00357
0.999223
0.997052
0.996559
1.00312
0.9972
0.999668
1.00845
1.00835
1.0029
1.00098
1.00428
0.991846
1.00381
1.00102
1.00149
1.0051
1.00635
1.00038
1.00058
1.00201
1.0088
1.00672
0.993696
0.996287
0.999988
0.999816
1.00085
1.00191
0.995054
0.996287
0.99762
0.999668
0.995744
0.992808
0.999051
1.00068
0.998705
0.997373
1.00139
1.00053
0.998804
0.999297
0.999569
1.00048
1.00327
0.998656
0.994461
1.00729
0.999569
1.00384
0.995054
1.00315
1.0009
1.0007
1.00127
0.99345
1.00554
0.999396
0.997299
1.00031
0.998779
0.995966
1.0012
1.00418
0.99567
1.00882
0.992685
0.998385
1.00927
1.00579
0.9991
0.997422
1.00813
0.996065
0.996731
0.99567
1.00406
1.00006
0.999347
0.998385
0.999445
1.00458
0.997743
0.999174
0.996855
1.00184
0.998755
0.992487
1.00061
1.00033
1.00475
0.999001
1.00524
0.9934
0.993672
0.994955
0.997324
0.998533
1.00584
0.998804
0.998952
1.00149
0.996731
0.992117
1.00329
1.00078
0.997101
0.990859
1.00771
1.0044
0.996534
1.00665
0.999816
0.996953
0.99984
1.00211
1.00196
0.995646
1.00722
0.996435
0.994486
1.00189
1.00199
0.998804
0.998088
0.999569
1.00357
1.00159
0.999594
1.00421
0.99836
1.00078
0.997324
1.00781
1.0029
0.996435
1.00337
0.99989
1.00611
0.999643
1.00552
0.992956
0.997472
0.994881
1.00117
0.993302
1.00061
0.996213
1.00448
0.997891
0.998236
1.00515
0.998582
0.996781
1.00675
1.00122
0.997003
1.00068
0.996559
1.00233
1.00268
1.00075
1.00157
0.998261
0.999742
0.999742
0.999692
0.999865
0.996263
0.995054
1.00024
1.00085
1.00364
0.999766
0.999618
0.997447
0.996929
0.999791
1.00009
0.998903
1.00078
1.00897
1.00786
1.00411
0.995596
0.99989
0.999914
0.999914
0.998236
0.997077
0.99609
0.994338
1.00317
1.00238
1.00334
0.997175
1.00162
1.00061
0.998927
1.00179
1.00061
0.997299
0.997595
1.00223
1.00204
0.996929
1.00589
1.00667
1.00011
1.00093
1.00216
0.995695
1.00465
0.997225
1.00561
1.0013
1.00246
0.998878
1.0012
1.00505
0.997077
0.988959
1.00727
0.997669
0.996855
1.00591
0.999174
1.00142
1.00357
0.999199
1.00019
0.996238
0.997274
0.993746
1.00283
0.998681
0.998236
0.997817
0.999322
1.00105
0.998656
1.00238
0.989625
1.00759
1.00196
1.00011
1.0044
1.00877
0.995942
1.00672
0.99757
1.00386
1.00463
1.00502
0.99873
1.00988
0.992833
0.997595
1.00098
1.00246
1.00038
0.997817
0.999544
1.00593
0.994412
0.998779
0.998261
1.00191
1.00436
0.995621
1.00048
0.997644
1.00172
1.00095
1.00455
1.001
1.00135
1.00423
0.998853
0.99836
0.996707
1.00243
0.999371
0.99762
1.00369
0.997175
1.00046
1.00223
0.995128
1.00026
0.995942
1.00253
1.00075
1.00524
0.994215
0.999569
0.996435
0.996559
1.00855
0.998903
0.994091
1.00221
0.999026
0.995276
1.00946
0.999273
0.996633
1.00685
1.00344
1.00714
0.996855
0.997052
0.996608
0.996411
1.0069
1.00159
0.993376
0.997422
0.991994
0.994881
0.996337
0.99683
1.00144
0.996534
0.994733
1.00695
0.9991
0.997743
0.996657
0.997126
0.999371
1.00598
1.00216
1.00157
1.00078
1.00167
0.989773
0.999544
0.993894
1.00334
0.997891
1.00292
1.00283
1.0012
1.00875
0.998508
0.999914
1.00581
0.994683
0.997151
1.00016
0.996287
1.00169
1.00154
0.994313
1.00665
1.00011
1.00251
1.00253
1.00006
0.998409
1.00056
0.998187
1.00019
0.994955
0.998014
1.00408
0.999643
1.00075
0.991303
0.997274
1.00307
1.00408
1.00515
0.990069
0.996435
1.00295
1.00061
0.997324
0.997694
0.992364
0.993647
0.999445
1.00606
0.996953
1.00729
1.00228
0.992858
0.998582
1.00026
0.996929
1.00048
0.996435
0.99604
1.00665
1.00073
1.00924
0.995843
1.00228
1.00048
0.998187
1.00048
1.00127
0.990908
1.00635
1.00206
1.0026
0.997299
1.0029
0.99836
0.998434
1.00048
0.999297
1.00236
1.00527
1.00095
1.00144
1.00574
1.00677
1.00201
0.999766
1.00502
1.0009
0.997743
1.00315
1.00872
1.00236
1.00001
1.00196
0.997792
0.993006
0.997817
0.999421
1.00162
1.00135
1.00154
1.00186
0.99762
0.991402
1.00216
0.995202
0.999149
1.00209
0.998582
1.00019
0.996559
0.994239
0.998878
0.996361
1.01452
1.00036
0.996509
1.00584
0.997768
0.989971
1.00265
0.995646
0.997447
1.00416
1.00093
1.00362
1.00549
0.996509
0.993104
0.999569
0.994437
1.00793
0.998779
0.993351
1.00283
0.999816
0.997595
1.00305
1.00199
1.00056
0.995498
0.997718
1.00564
0.99799
0.995744
0.992784
1.00566
0.997792
1.00554
1.00401
0.996978
0.994881
0.99646
1.00095
0.994437
1.00048
1.00226
0.995424
0.997151
1.00315
0.992413
0.997324
1.00381
1.0047
1.00436
0.996559
1.00144
1.0012
0.995769
1.00051
0.999001
0.997521
0.995917
1.00233
1.00088
0.997175
0.998459
0.997126
0.994634
0.991032
1.00228
1.0046
0.998557
1.00487
1.00028
1.00357
1.00478
0.999297
0.998039
1.00098
1.00712
1.00243
1.00009
0.993277
0.997225
0.996534
1.00485
0.990711
0.991969
0.998853
0.999865
0.997003
1.00236
0.994042
1.00167
0.990785
0.999273
0.99984
0.998335
1.00384
1.00063
0.999347
0.996953
1.0007
1.00352
1.00529
1.00566
1.00139
1.00376
0.998705
0.994067
1.00041
1.00226
1.00391
1.00512
1.00315
1.00579
1.00169
1.00001
0.998853
0.99757
0.997694
0.998039
1.00125
1.00149
1.00413
1.00423
0.997644
0.998804
0.997126
1.0011
1.00556
0.994905
1.00408
1.00251
1.00255
1.00302
1.00816
0.997669
0.998162
1.00406
1.00421
1.00172
0.998755
0.998409
0.998064
0.995399
0.995991
0.993919
0.997965
0.998138
1.00031
1.00038
1.00179
0.998187
1.00014
1.00556
0.999865
1.00169
0.99989
1.003
0.9991
0.997398
0.996781
0.999914
1.00112
0.9953
0.999988
0.990884
1.00115
0.999618
0.998459
0.997916
0.995202
1.00364
1.00505
0.993129
0.996855
0.997916
0.99836
1.00932
0.997225
0.999445
1.00416
0.999223
1.00381
0.996016
1.00761
1.00552
1.00036
1.00169
0.997373
1.00241
1.00098
1.00401
0.998261
0.99989
1.00566
1.0049
1.00603
0.999791
1.00386
0.997077
0.99604
1.00332
1.00598
0.998631
1.00268
0.997027
0.992117
0.998533
1.00431
0.999396
1.00176
0.990711
1.00075
0.996411
1.01181
0.994683
1.00159
1.003
0.994017
0.998607
0.993919
1.00117
1.00014
1.00073
1.0069
1.00329
0.99377
1.00727
0.997965
1.00142
0.996682
1.00297
0.997151
0.998952
1.0029
0.998755
0.997546
0.999939
0.996164
1.00423
0.998187
1.00181
0.998631
0.990267
0.997965
1.00342
1.00374
0.994757
0.995892
1.00396
1.00031
1.00041
1.0029
1.00354
1.00413
0.995818
1.00024
1.00184
1.00292
0.999248
1.00475
0.998385
1.00051
1.00653
0.993968
1.00532
1.00453
0.993055
1.00031
0.999445
0.998977
1.00122
0.997521
1.00283
1.00399
1.00112
0.999051
0.994905
1.00221
0.995695
0.997866
0.997842
0.99947
1.00312
1.00159
1.00001
1.00246
0.998804
0.998088
1.00189
1.00181
0.995374
0.999297
0.996361
0.996904
1.00297
1.00934
0.999914
1.00912
0.998113
0.999964
0.996978
1.00026
0.997126
1.00093
1.00026
1.00601
0.99118
0.997052
1.00312
1.0009
0.99609
0.997866
0.996633
0.99762
1.00102
1.00201
1.00073
0.998903
1.00102
1.00135
1.00184
1.00051
1.00174
0.993326
0.999643
0.996879
1.00065
1.00043
1.00209
0.996707
0.994881
1.00302
0.995868
1.0121
0.99757
0.996263
0.997817
0.997126
1.00075
0.999717
0.996509
0.996361
0.999594
1.0029
0.994708
0.994881
0.994659
0.996781
1.00867
1.00359
0.998088
0.993277
1.00268
1.00569
1.00584
0.991945
1.00542
1.00184
0.999618
0.99836
0.999668
1.00236
1.00478
0.994535
1.00014
0.999223
0.993104
1.00236
1.00273
1.00078
1.00596
0.990908
0.999297
1.00073
1.00253
0.990045
0.995818
1.00307
1.00194
0.997373
0.994757
0.996485
1.00564
1.00162
0.999618
1.00596
0.998607
1.00105
0.99493
0.999569
1.0027
1.00811
0.99493
1.00399
0.99725
0.995966
0.996879
0.994585
1.0063
1.00574
0.997718
0.996263
1.00381
1.00164
1.00485
0.998607
0.995547
0.998434
1.00204
0.99952
0.993203
1.00332
0.999322
0.998286
0.99572
1.00275
1.00547
1.00186
1.00218
0.99836
1.00241
0.99831
0.998903
1.00241
1.00085
1.00102
1.00191
0.997003
1.00347
1.0009
1.00068
0.997472
1.00004
0.999742
1.0008
1.00221
1.00063
0.999594
1.00169
0.997965
0.999347
0.99831
0.998656
1.00325
1.00186
1.00105
0.999371
0.999445
0.996114
1.00258
0.999544
1.01052
0.994856
1.00238
0.995646
1.00512
0.996238
0.998977
1.00317
1.00384
0.999742
1.00107
1.00218
0.998162
1.00411
1.00085
0.99382
1.00566
0.997324
1.00046
1.00243
0.994511
1.00584
1.00853
1.0027
1.00041
1.00312
1.00184
0.986886
0.998409
1.00006
0.995473
1.00349
0.999223
0.991155
1.0026
1.00611
1.00083
0.999569
0.994979
1.00157
1.00196
1.0032
1.00243
0.998853
1.00379
0.999421
0.999421
0.999939
1.00033
0.999273
1.01087
1.00191
0.993524
1.001
1.00423
1.00083
1.00196
0.995004
1.0009
0.993894
0.992907
1.00322
1.00132
0.997743
1.00179
1.0029
1.00337
1.00112
1.00288
1.00796
1.0013
1.00223
1.0029
0.996065
0.99725
1.00448
0.994535
0.995942
1.00132
0.997077
1.00362
0.999618
0.997718
0.990933
1.0009
1.00433
0.998631
0.99989
0.99456
1.00073
0.997472
1.00574
1.00033
0.999125
1.00485
0.998064
1.00746
0.998533
1.0047
0.99947
1.0028
1.00635
0.99646
0.996929
0.999939
0.996361
0.99947
0.99984
0.999939
1.00122
1.00075
1.00574
0.998853
0.999791
0.994955
1.0008
1.00006
0.997817
0.996978
0.999396
1.00063
0.995942
0.998656
0.993968
1.00231
1.00031
0.991945
0.997916
0.999594
0.999371
1.00191
0.995744
1.00088
1.00455
1.00164
1.00031
1.00325
1.0026
0.996781
0.996879
1.0046
0.999939
1.00095
0.999914
0.992734
0.998878
0.999594
1.00325
0.998162
1.00712
0.999248
1.00157
1.00366
1.00053
0.997965
0.996287
0.998088
0.998927
0.998014
0.999964
0.9991
1.00162
0.997126
1.00115
1.0051
0.993524
1.00848
1.0012
1.00571
0.996559
1.00865
1.00132
1.00211
0.999569
1.00184
0.998977
0.993524
1.00275
1.00226
0.99762
1.00702
1.00048
0.999495
1.0045
0.998656
0.997496
0.993993
0.998878
1.00697
1.00381
1.00105
0.999421
0.991525
0.998385
0.994609
1.00063
0.99757
0.998705
0.999692
1.00364
1.00117
0.995744
1.00014
1.00808
0.994215
1.00443
1.00413
0.99493
0.996114
0.996904
1.0069
0.999964
1.00655
1.00051
1.00078
0.999939
0.992734
0.994535
1.00537
0.998878
1.00663
0.997422
1.0068
0.990834
0.993277
1.00463
1.00073
0.99952
0.993919
0.995202
0.997496
0.999075
0.994733
1.00549
1.00191
0.997324
1.00251
1.00993
1.00598
0.99646
1.00001
0.99989
0.998113
0.995276
0.996756
0.997324
0.996633
0.998903
1.00142
1.00019
1.00033
0.994782
1.00248
0.999371
0.998977
1.00665
1.0009
0.996657
0.992858
1.00369
0.992537
0.997916
1.00408
1.00675
1.00502
0.996805
0.995991
1.00394
0.999692
0.998039
0.994585
0.997373
0.999717
0.993277
0.998162
1.00633
1.005
0.995868
1.00344
0.997866
0.999445
1.00176
0.996411
1.00211
1.00061
1.00051
0.997151
0.99952
0.997768
0.993104
0.993672
1.00088
0.99984
1.00169
1.0012
0.992093
1.00102
0.998977
1.00374
0.999643
1.00253
0.996929
0.999495
0.996657
0.997546
0.999223
1.00325
1.0048
1.00228
1.00228
1.00732
0.999544
0.994387
0.994585
1.0044
0.998878
0.999939
0.999199
0.997916
1.00112
0.997052
0.994486
1.00848
1.00149
0.990464
0.994387
1.00934
1.00665
1.00218
1.00038
1.00532
0.998903
0.998113
1.00468
0.992759
1.00421
1.00458
0.99493
0.997324
1.00371
0.998187
1.00443
1.00061
1.00381
0.998113
1.00315
1.00063
0.996929
0.998286
1.00236
0.993894
0.997792
0.99984
1.00088
1.00453
1.00142
0.999051
0.997175
0.99762
1.00176
0.998286
0.996263
1.0031
0.996386
1.00167
0.999347
0.990859
1.00144
1.00362
1.00384
1.00147
1.00179
1.00317
1.00255
0.99377
1.00322
1.00073
0.998088
1.00191
1.00181
1.00036
1.00403
1.00093
0.9991
1.00041
1.00162
1.00139
1.00038
1.00095
1.00085
1.00189
1.00292
1.0032
1.00159
1.00243
1.00246
0.999001
0.998952
1.00325
1.00024
1.00231
1.00189
0.998113
1.00751
1.00379
1.0012
1.0009
1.00243
1.00401
0.993178
0.999297
1.00184
0.996263
1.00482
1.00048
1.00105
0.998434
0.995473
0.998903
0.997422
1.00403
1.00107
0.999544
0.998483
0.997842
0.996978
0.997348
1.00218
1.00144
1.00478
0.993499
0.99604
1.00043
1.00569
0.999717
1.00421
0.999544
1.00391
0.999717
1.00068
0.999051
1.00542
0.9991
0.999445
0.999668
1.00105
1.00056
0.994979
0.994782
1.00016
0.996583
1.00448
0.999051
1.00519
1.0028
0.998088
0.996337
1.00653
0.997126
0.997842
1.00379
0.99836
0.996485
1.00144
1.00357
1.00102
0.995202
0.998829
1.00406
0.998261
1.00445
1.00107
0.998829
0.994535
1.00246
0.998607
1.00021
1.00384
1.00028
1.00302
1.00537
1.00125
0.99984
1.00626
1.00379
0.999223
0.994313
1.00317
0.998557
0.994313
0.995226
0.997052
1.00403
0.999371
1.00729
0.999149
1.00495
1.00038
1.00325
0.99266
1.00014
1.00463
0.996731
1.00838
1.00515
0.99836
0.998088
1.00655
0.998508
1.00796
1.00117
0.997027
0.994831
1.0028
0.996361
0.997373
0.999421
0.995621
0.999766
1.00174
0.992438
0.996756
0.999544
0.99762
0.996805
1.00428
0.998631
0.992709
1.00201
0.998952
0.996904
0.993795
1.00401
1.00154
0.997472
0.994017
1.00196
1.0065
0.999396
1.00278
1.00152
0.995942
0.998903
1.00199
1.00169
1.0009
1.00253
1.0029
1.00783
0.997324
0.997546
0.999174
1.00053
1.00537
0.998286
1.00174
1.00016
1.00542
0.994708
0.998779
1.00431
0.994017
1.00608
1.00253
0.999569
0.9991
0.99308
0.998014
0.991945
1.00159
0.998853
1.00364
1.00014
1.00196
0.996411
1.0011
0.996189
0.999988
0.996559
1.00416
1.00088
0.997694
1.00115
0.996139
0.997595
0.996583
1.00421
1.00135
0.998681
1.00663
1.00233
0.998903
1.00157
0.996139
1.00223
1.00322
1.00028
1.0026
0.999717
0.998829
0.998977
0.997521
0.998853
0.998187
1.00608
0.998039
1.00327
1.00098
1.00233
1.00566
0.999199
0.994955
1.01131
0.999594
1.00236
0.992537
1.00507
0.998582
1.00043
0.998829
1.00036
0.995744
1.00465
1.00095
1.00438
1.00043
1.00529
0.999248
0.99757
0.997472
1.00865
0.999914
0.998483
1.00818
0.998409
1.00053
1.00255
0.997743
0.996879
0.995473
1.00337
1.00729
0.998533
0.997694
1.00021
0.998286
0.998607
0.993302
0.993672
0.99762
1.00648
0.998113
0.994905
1.00065
0.996509
1.00522
1.00532
0.999594
1.00038
1.00347
0.998162
1.00065
1.00176
1.00297
0.994683
1.00295
0.994659
0.994881
0.99794
0.997669
1.0044
0.997546
0.997817
0.997743
1.00036
1.00334
1.00204
0.998755
0.991328
0.998113
0.993844
1.00189
0.997595
1.00576
1.00487
1.00221
0.996855
0.998804
1.0067
0.997348
1.01006
1.00255
1.00275
0.99873
0.996238
1.00199
0.999816
0.995868
0.998631
1.00606
1.00344
0.998631
1.00021
1.00093
1.00579
0.995226
1.00144
0.997348
1.0013
1.00102
1.00105
1.00201
1.00677
1.00169
0.996559
0.994979
1.00482
1.00172
1.00167
1.00196
1.00268
0.996978
0.996263
0.997422
0.998779
1.00189
0.998212
0.995843
1.00517
1.00344
1.00556
1.00189
0.997324
1.00043
1.0012
0.996386
1.00107
0.994905
1.0051
0.994239
0.996608
1.00265
1.00344
1.00065
0.994116
1.00302
0.998755
0.99762
1.00093
0.990316
0.997175
1.00246
0.999717
1.0026
0.993425
0.993302
1.00046
1.00174
0.997965
0.99572
0.998705
1.00737
1.0011
1.00051
0.99947
0.995251
1.00722
0.99609
1.00228
1.00024
0.995769
0.995868
0.996065
0.998162
1.00068
0.994264
0.999939
1.00028
0.995966
0.997398
0.999248
0.999421
0.999125
1.00209
0.996485
0.996805
0.99836
0.99799
1.0051
0.998335
0.999717
1.00517
0.99493
1.00088
0.999742
0.99419
0.995818
0.998533
1.00376
1.00369
1.00544
1.00065
0.994757
1.01129
0.998681
0.997052
1.00596
0.999075
0.999223
0.989453
1.00273
1.00223
1.00243
0.999445
1.00228
0.99831
0.9972
0.99831
0.997891
1.00732
1.00295
1.00154
1.00139
1.0063
1.0032
0.992019
0.994782
0.996929
1.00196
0.997077
0.996287
0.997175
1.00223
1.00347
0.992981
0.994609
1.00542
1.00073
0.999149
1.00243
0.999964
0.995868
1.00169
1.00539
0.998335
0.99456
1.00246
0.998681
0.999594
0.988836
0.992734
1.00329
1.00248
0.998236
0.998631
0.999001
0.999692
0.998335
1.00033
0.995892
0.996879
1.00302
0.999297
1.00211
0.998236
1.00115
1.00374
0.999914
1.00056
0.997669
0.991797
1.00014
1.00016
1.00364
1.00179
0.999495
0.996337
1.0028
0.996238
1.00258
1.00191
1.00223
0.996559
0.999248
1.00633
1.00366
0.997521
1.00142
1.00606
0.998064
1.00209
1.00327
0.99604
1.00139
0.995177
0.992956
1.00339
1.00189
0.989872
1.00658
1.00218
1.00265
1.0007
0.998064
0.998088
0.992956
0.995596
1.00221
1.00236
0.996756
0.994634
1.00028
0.995892
0.994141
1.00529
0.998779
0.998385
0.99572
1.00167
1.00564
0.99794
0.997866
0.998927
1.00221
1.00063
0.999174
1.00295
1.00349
0.999865
1.00532
1.00389
0.999618
0.996485
1.0063
1.00167
1.00258
0.99419
0.998977
1.00421
0.991402
1.00046
0.996485
1.00857
0.997126
1.00258
0.998755
0.997891
1.00216
1.00445
1.0027
0.992709
1.00046
1.00616
1.00157
1.00236
0.998631
1.00105
0.996879
0.999643
1.00396
1.00406
1.00211
1.00001
0.994708
1.00115
0.997669
1.00431
0.996608
1.00312
1.00176
1.00009
1.00453
0.996953
0.998162
1.00537
0.992759
0.998533
1.00058
0.99831
1.00216
1.00046
0.99952
0.9991
0.992734
0.996312
1.0012
1.00211
0.995621
0.999988
1.00586
0.99984
0.996781
1.00132
0.994757
1.00253
0.996559
0.999618
0.993129
1.00083
1.00473
1.0008
0.996978
1.0007
0.99836
1.00579
1.00036
1.00169
0.99604
1.00115
1.00186
1.00009
0.99683
1.00391
0.991599
1.00189
0.996583
0.993573
0.999618
1.00228
1.00663
0.997472
0.998286
0.999026
1.00448
1.00315
1.00102
1.00598
0.989477
0.99873
0.997472
0.995522
1.0008
1.0007
1.00512
1.00332
0.991649
1.0082
0.996657
1.00016
0.995522
1.00552
0.996657
1.00009
0.997768
0.99266
1.00366
0.995547
0.996805
1.00431
0.995843
0.996953
0.993104
1.00098
1.00579
0.998459
1.00063
0.999988
1.00186
1.00218
1.00455
0.997965
0.999273
0.997792
1.00297
1.0051
1.00574
1.003
1.00665
0.996682
0.997842
0.997274
0.999569
1.00352
0.998853
0.99382
1.00685
0.992759
0.996114
0.997299
1.00226
1.00552
0.994955
1.0028
0.997743
0.994831
1.00016
0.997175
1.00364
0.999001
1.0011
0.997398
1.00056
0.998853
0.998064
1.00056
0.990711
0.99725
0.997842
1.00031
1.00248
0.99076
0.992512
1.00362
0.999347
1.00056
0.99762
0.999964
1.0031
0.994042
0.995646
1.005
0.999742
0.999988
0.999174
1.00401
1.00448
1.00053
0.992808
1.00354
0.99567
0.996929
0.992389
1.00524
0.994091
0.996312
0.999544
1.00667
0.999347
0.989453
0.995473
1.00759
1.00216
0.997299
0.996904
1.00191
1.00021
0.997398
0.991007
1.00776
1.00307
1.00075
1.00065
0.998631
1.00172
0.99989
0.998804
1.0011
0.999816
0.994659
1.00186
0.998927
1.0027
1.00001
1.0027
0.998409
1.00246
0.998187
0.999964
1.00265
0.99952
1.00621
0.996509
1.00075
1.00053
0.994881
1.0009
0.998483
0.997965
0.996509
1.00295
1.00117
1.00408
0.999865
1.00139
0.998459
0.998187
1.00191
0.99683
0.995498
0.996559
1.00107
0.997027
1.00147
1.00512
1.00431
1.00147
0.990193
1.00021
1.00006
1.00478
1.00238
0.994609
0.998212
1.00189
0.987651
1.00019
1.00194
0.999692
1.00749
1.0008
1.0029
1.00058
1.00307
0.999322
0.995522
1.00043
0.995325
0.997916
1.00507
0.998459
0.996978
0.997546
0.995399
1.00093
1.00174
1.00426
1.00695
0.998681
1.00236
1.00196
1.00105
1.00021
0.993894
1.0046
1.00352
0.999297
0.996682
0.996312
1.00315
0.994461
0.99947
1.00011
0.994091
1.00399
0.999026
1.00369
0.998681
1.00167
1.00191
0.994338
1.00139
0.999668
1.00191
1.00189
0.988663
0.997595
1.00189
1.00258
0.998755
1.00238
0.998434
0.996164
0.996731
0.995646
1.00147
0.997718
0.995325
1.00218
0.997718
1.00223
1.00265
0.996731
1.01087
0.998459
1.00275
1.00364
0.996904
0.998113
1.00505
1.00593
0.998236
1.00297
0.999347
0.992068
1.00033
0.999026
0.997916
0.997299
1.00352
0.998607
1.00011
0.997817
1.00744
0.996016
1.00598
0.999668
0.999223
0.997743
1.00204
1.00135
1.00655
1.00157
0.999273
1.00369
1.00031
0.991945
1.0026
0.998187
1.00199
0.999964
1.00433
0.994856
0.993548
1.00384
1.00073
0.99836
0.998508
1.0012
1.00211
0.994313
0.997447
0.999051
1.00317
0.995769
0.999223
0.9991
0.996139
0.998039
1.00581
1.00909
1.00342
1.00068
1.00021
1.00376
1.00297
0.998113
1.00006
0.998212
1.00157
0.998705
1.00088
1.00376
0.999742
0.994683
1.0026
1.00327
0.998977
0.993844
0.999742
0.997644
1.00475
0.995424
0.999273
1.00164
0.998286
1.00744
0.997225
1.00028
0.997842
0.996016
1.00527
0.994116
0.999544
1.00117
1.00431
1.00505
0.998607
0.998162
1.00816
1.0027
0.997842
0.998162
0.997472
1.00221
0.990686
1.00349
1.00058
1.0029
0.996953
1.00093
0.995399
0.998434
1.00019
0.992561
1.00016
1.0028
0.996065
1.0013
0.993178
1.00352
0.993055
0.990119
0.998779
1.00359
1.00061
1.00196
1.00019
0.999594
1.00211
0.997916
0.997521
1.0046
0.996805
0.998113
0.999618
1.0012
1.00176
0.997126
0.999075
0.995498
0.999347
0.996731
0.996657
0.990341
1.00431
0.991821
1.00663
0.999001
1.00206
1.00028
0.995917
1.0013
0.999347
0.998853
0.999421
0.995942
1.00031
0.996361
1.00186
0.994067
1.00445
0.996534
0.999199
1.00655
0.997768
1.0032
1.00036
0.994955
0.999964
1.00322
1.00159
0.997595
1.0013
1.00379
1.00628
1.00137
0.996855
1.00519
1.00206
0.99952
0.994437
1.00672
1.0082
1.00021
0.991451
0.998977
1.00421
0.998533
0.995547
1.00465
0.997274
1.0046
1.00482
0.994264
0.996016
1.0008
0.996855
1.00068
1.0028
1.00048
1.00436
0.994905
0.999742
0.998631
1.00522
0.99308
1.00924
0.997274
1.00255
1.00058
1.00191
1.00085
0.996608
1.00354
0.99799
0.998014
1.00021
0.997817
0.994609
0.99725
1.00633
1.0011
1.00149
1.00204
0.991895
0.995769
0.994831
0.994683
1.00058
1.00369
0.997521
1.00152
1.00115
1.00754
0.998434
0.997274
0.998212
0.998286
0.995029
0.997422
0.998829
1.0067
1.00213
0.996756
0.994239
0.995054
1.00223
0.999273
0.998088
0.99567
0.993548
0.998779
1.00724
1.00275
0.992932
1.0069
0.999742
1.00463
1.00236
1.0048
0.997052
1.00268
0.99604
0.996287
1.00162
0.995202
0.996213
1.00591
1.00001
0.9972
1.00115
1.00246
0.997866
0.999051
1.00122
0.997644
1.0026
1.00221
0.998853
0.999223
0.997669
0.99535
1.00041
0.994239
1.00078
1.00788
0.996583
1.00014
0.995004
1.0049
1.00117
1.00327
0.998607
0.996411
0.999816
0.994535
1.007
1.00635
1.00342
1.00445
1.00312
1.00529
0.98886
1.00959
1.00623
0.995078
0.999544
0.999396
1.00529
0.999026
0.997151
1.00164
1.00162
1.00026
1.00357
0.998927
0.99604
0.997891
1.00061
1.00278
0.996139
1.00251
1.0088
1.00238
0.994017
0.996189
1.00048
1.00083
1.00004
1.00246
1.00065
1.00181
0.998952
0.998236
0.990563
1.0013
1.0027
0.996559
0.998409
1.00288
1.00157
1.00394
0.998656
0.996608
1.00204
1.00315
1.00179
0.998039
0.998212
1.00248
1.0011
1.00186
0.998631
1.00176
1.00132
0.994067
0.997422
1.00213
0.994165
0.995448
1.00719
0.999668
1.00167
1.0007
0.996855
0.998582
1.0029
0.994979
0.999371
0.998656
0.998607
0.999791
1.0011
0.998088
0.998459
1.00105
1.00875
1.00278
0.998261
0.997768
0.999396
1.00618
0.999692
1.00384
1.00596
1.00009
0.998483
1.00107
0.993425
0.996879
1.00075
0.996238
1.00194
0.996633
0.998656
1.00342
0.9915
0.996879
1.00359
0.999174
0.996435
1.00374
0.995424
1.00061
0.995794
0.996953
1.00475
0.997669
0.999668
0.989897
0.992364
1.00241
1.00342
1.00093
1.00621
0.998483
0.998508
0.9972
0.99493
1.00401
0.998039
0.996879
0.999051
0.999026
1.00366
1.00251
0.999643
0.998607
0.998162
1.00038
1.00176
0.996189
0.993894
1.00722
0.99567
0.998607
0.997916
1.00065
1.00206
0.99039
0.998261
0.997866
1.00482
1.00159
1.00095
1.00075
0.997027
0.999445
1.00157
1.00665
0.996065
1.00547
0.998212
0.999026
1.00181
1.0012
0.994535
0.996164
0.998607
0.9972
1.00251
0.994067
1.00273
0.998187
0.998631
1.00411
1.00024
1.00046
0.999421
1.00643
0.991649
1.00507
1.00169
0.996065
0.994067
0.998434
1.00117
0.994905
1.0029
1.00315
1.00189
0.998878
0.994091
0.999766
0.999791
1.00213
1.00026
1.00347
0.995473
0.998113
0.996386
1.00107
0.998804
1.00038
1.00359
1.00278
1.00246
1.00031
1.00828
0.999001
0.999643
1.00438
1.00547
1.00149
0.999495
0.999914
1.00068
1.00672
1.00226
0.998631
0.998705
0.995399
0.997003
0.996238
0.998508
0.999914
1.00487
1.00228
0.99567
1.00149
0.999026
1.00803
1.0048
1.00211
0.999199
0.993376
1.00386
0.994141
1.00253
0.997003
1.00317
0.999445
1.00581
1.00231
0.997101
1.00033
1.00357
0.997151
0.997447
1.00236
0.996682
1.00184
0.998039
0.995103
0.99984
0.992315
1.0011
0.992882
1.00978
1.00211
0.997003
0.994437
0.999594
1.00362
0.993499
1.005
1.00522
0.993598
1.0029
1.00115
0.996065
1.00292
1.00655
0.995794
1.00041
1.00465
1.00001
0.994437
1.00354
0.996879
0.996361
0.999297
1.00144
0.999445
0.997373
1.00337
1.00078
1.0049
1.00154
1.00586
1.00036
0.999544
0.995325
0.997595
0.997324
1.00352
1.00258
1.0031
1.00078
0.996608
1.00487
1.00132
1.00305
1.00374
0.99836
1.00255
0.995818
0.999075
1.00021
1.00722
1.00268
0.996287
1.00196
1.00421
0.994856
0.999742
0.992512
1.00053
0.999791
1.00011
0.999717
1.0089
0.999347
1.00744
0.998409
0.996361
1.00031
0.994412
1.00329
0.998236
0.997965
1.00127
1.00665
1.00332
1.00206
0.999001
0.993968
1.00206
0.998483
0.998335
1.00492
0.996904
0.998409
0.998755
0.999766
1.00199
0.997447
1.00413
1.00073
1.00149
1.0007
1.005
0.999248
1.00349
1.00379
1.00288
1.00251
1.00305
0.996114
1.003
1.00766
0.99836
0.997126
0.998236
0.997299
0.998533
1.00379
0.995473
1.00394
1.00527
0.999445
1.00421
0.995572
0.999273
1.00253
1.00524
0.996411
0.998582
0.997472
0.998952
0.996904
1.00455
1.00073
0.998582
0.99831
1.00556
0.996287
1.00056
0.996978
0.995448
0.996509
1.00332
1.00228
1.00712
0.995004
0.999618
0.995695
1.00026
0.997398
1.00051
1.00216
1.00014
0.994979
1.00036
1.00325
1.00329
1.0011
1.00482
0.991747
1.00011
1.00139
1.00048
1.00406
1.00524
0.992438
0.999914
0.997718
1.00394
0.999396
0.995078
1.00961
1.003
0.997595
1.00063
1.0008
0.999717
0.997027
1.00211
1.00354
0.999445
0.996583
0.999001
0.996485
0.99989
1.00359
0.994387
0.998903
0.99989
1.00184
1.00478
1.00376
0.999347
1.0028
0.996559
0.994905
0.99308
1.00065
0.995226
1.00552
1.00209
1.00238
1.00041
0.99831
0.999149
0.996361
1.00283
0.99836
1.00098
0.999322
1.00216
1.00194
1.00201
1.00179
1.00137
1.00075
1.00251
1.00295
0.997644
1.00149
1.00317
1.00117
1.00028
0.992882
1.00559
0.998533
0.996509
0.989897
1.00399
0.998508
0.99609
0.99725
1.00058
0.997027
1.00258
1.00028
0.992068
0.995522
1.00549
0.999988
1.00014
1.00088
0.996633
1.00068
1.00021
0.999618
0.995769
1.00423
0.99989
1.00258
0.995794
0.99799
0.991426
0.995818
0.997916
1.00623
0.994215
1.00028
1.00288
1.00228
0.996435
1.00041
0.995843
0.997817
0.998779
0.998903
0.999051
1.00401
1.00312
1.00083
0.999668
1.00231
0.999544
0.996608
1.00337
1.00342
0.995572
0.998483
0.997669
0.99076
0.99947
0.998088
1.00394
1.00014
1.0032
1.00238
0.993622
1.00125
0.992956
0.998212
0.997792
0.99604
1.00122
0.9972
1.00401
1.00391
0.997743
0.999914
0.996682
1.00095
0.999618
0.995646
1.00833
0.994535
0.993573
0.998459
0.998977
0.994881
1.00759
0.9991
1.00216
0.997324
1.00014
0.999322
1.00376
0.996238
1.00618
0.999174
0.99535
0.999643
1.00366
0.998927
1.00542
0.998483
0.99567
0.999026
1.001
0.999322
0.997324
1.00406
0.998952
1.00241
1.00053
1.00073
0.999445
0.994313
1.00552
1.00347
0.992784
0.998014
0.996978
0.996855
1.00749
0.993326
1.00238
1.00001
1.00172
0.999865
0.996978
1.00394
0.9953
0.997496
1.0032
0.996608
0.99725
0.999816
1.00056
0.997644
1.00522
0.99456
0.9972
1.00233
0.998014
0.991204
0.995744
1.00349
0.995177
0.995744
1.00206
1.00033
0.998681
0.998853
0.994387
0.996583
1.00857
0.995325
1.00788
0.998656
0.996682
0.996065
1.00379
1.00278
0.994338
0.999396
1.00495
0.998829
0.998631
0.994905
1.00115
1.00522
1.001
1.00201
1.00189
0.999964
1.00327
0.999371
1.00248
1.00132
0.99831
0.998385
1.00658
0.99757
1.00107
1.00497
1.00774
1.00399
0.996559
1.00478
1.00122
0.9991
1.0049
1.0028
0.998385
1.00122
0.999939
0.999149
0.994511
1.00117
0.995917
1.00623
0.997422
1.00505
0.999248
0.995103
1.00016
1.00468
0.997718
1.00638
1.00093
0.995276
0.994955
1.00031
1.00041
0.998385
1.00112
1.00147
0.995202
1.00334
1.00292
0.998459
1.00297
1.00246
0.999199
0.99794
1.00396
0.992093
1.00255
0.99873
0.998014
1.00653
1.0013
0.994659
0.99762
0.997027
1.00105
1.00009
1.00117
1.00406
0.997324
1.00095
1.00026
1.00014
0.99799
0.999174
1.00014
0.992907
0.999199
0.996139
1.00255
0.998459
0.996657
1.00028
0.998138
0.998878
1.00243
0.998138
1.00078
1.00315
0.994461
0.998286
0.996164
1.00006
1.00139
0.997891
1.00152
0.997546
0.994782
1.00006
0.999939
1.00001
0.998681
1.00369
0.994807
0.994313
1.00243
1.00589
1.0011
0.999051
1.0026
1.0007
1.00112
1.0031
1.00036
1.00231
0.997694
0.997077
0.998434
1.0012
1.00241
0.997718
1.00258
1.0008
1.00211
0.996731
1.0045
0.998878
0.995646
1.00011
0.989724
1.0013
0.99836
1.00051
1.00312
0.994733
1.00811
1.00246
1.00473
0.997151
0.995078
0.998779
0.997003
1.00485
0.998187
0.996534
1.00396
1.00172
0.998286
1.00038
1.00717
0.998533
0.993598
1.00078
0.999051
0.997965
0.998088
1.00315
1.00179
0.998829
1.00996
0.992734
1.00312
1.00213
0.998878
0.997003
1.00253
0.989872
1.00083
0.998508
1.00004
1.00014
1.0012
0.995004
0.993622
1.00105
1.00519
1.00875
0.997743
0.994141
0.999865
0.99989
1.00497
0.999717
1.00374
1.00154
0.998335
0.998335
1.0066
0.993622
0.997225
1.0044
0.995843
0.995966
1.00593
0.997101
0.999569
1.00667
1.00051
0.998138
1.00154
1.00063
1.00438
0.999297
1.00189
0.99646
1.00204
1.00011
1.00011
0.999396
1.00638
0.994461
0.992907
1.00001
0.999149
0.99266
1.00835
1.00791
0.995276
1.00088
0.997718
0.993499
0.999766
0.99947
1.0046
0.99952
0.995572
0.995942
1.00653
0.995966
1.00199
1.00628
1.00892
1.00058
0.997644
1.00687
1.00058
1.00147
0.993055
1.00147
1.0026
0.998039
1.00223
1.00098
0.999445
1.00339
1.00135
1.00347
1.00176
1.00041
0.996065
0.994239
0.996411
1.00399
0.999396
0.999322
1.00189
1.00603
1.00196
1.00228
0.994486
1.00366
0.998681
1.00643
0.999075
0.999594
1.00053
0.9972
1.00606
1.00712
1.00201
0.998483
0.999964
0.996213
0.999717
1.00085
1.00152
1.00243
1.00125
0.999668
1.00278
0.99836
1.00174
1.00053
1.0044
0.998483
0.99799
1.00152
0.999051
0.999149
0.997916
0.998829
0.999273
0.992808
0.993228
1.00112
0.998755
0.995325
1.00746
1.00391
0.998779
0.997027
1.00122
1.00389
1.00853
1.00616
1.00867
1.00167
0.993993
0.996731
1.00357
0.996213
0.994634
0.997151
0.993524
1.00529
1.00468
0.996682
1.00191
0.999199
1.00122
0.999594
0.994733
1.00445
1.00554
1.0013
1.00221
0.999125
1.00157
1.00623
0.999816
1.00162
1.00579
0.999939
1.00492
0.997151
1.00127
0.99609
1.00571
0.993746
0.998236
1.00709
1.00112
1.00051
1.00791
1.00019
1.00418
0.991352
1.00559
1.00401
0.9972
1.00268
1.00655
1.00376
1.0067
0.99572
0.999199
1.0067
1.00307
1.00176
1.00152
1.00613
0.992043
0.999149
1.00268
1.00823
1.00315
0.999001
1.00559
0.996485
1.00184
0.996263
0.998385
0.998853
0.999371
0.997669
0.993252
0.997274
0.999371
0.999668
1.0007
0.992241
1.00379
0.993943
1.00174
1.00433
1.00135
0.991056
1.00169
1.00371
0.995991
1.00263
0.995818
0.998236
0.997398
1.00176
1.00302
0.994782
1.00436
1.00601
1.00117
0.995522
0.998236
1.00539
1.00014
0.996238
0.996361
1.00248
0.997768
0.99952
1.00265
0.998927
0.994831
0.996682
1.00445
0.998508
1.00423
0.999273
0.997965
0.998162
1.00033
0.999618
0.999964
1.0027
0.996485
1.00413
0.998705
1.003
0.99947
1.00448
1.00463
0.998138
1.00981
0.993993
0.998607
0.998064
0.994141
0.997817
1.0029
0.996189
1.00127
1.0009
1.00221
0.999742
1.00421
1.00135
0.995843
0.999865
0.998829
0.999347
1.00702
0.99345
1.00009
1.00024
1.00295
1.00223
1.00265
0.996509
1.00463
1.0068
0.997891
0.996559
0.99952
1.00339
0.996213
0.997521
1.00302
0.995892
0.998508
1.00053
1.00475
0.996657
1.00601
0.992315
0.998952
1.00095
1.00593
0.999544
0.999371
1.00024
0.99113
1.00325
0.994461
1.00505
0.999717
0.998582
0.992833
0.999347
1.00421
1.00423
0.999273
0.999125
1.0049
0.997916
1.00157
0.988466
1.00482
0.996879
0.995226
0.997077
0.997299
0.994264
0.995818
1.0013
0.996805
0.996904
0.997842
1.00344
0.998804
0.999865
1.00231
1.00004
0.99757
0.994437
1.00127
1.00142
1.00374
1.00157
1.00702
1.00065
1.00302
0.997694
0.992191
1.00043
1.00411
0.99984
0.999618
0.997175
0.995004
1.00073
1.00154
0.999322
1.00154
1.0031
1.00051
1.00828
1.0031
0.999495
1.00769
0.998977
1.00532
1.00601
0.990588
1.00332
0.999717
0.999273
0.996633
1.00157
0.998212
1.0044
1.00779
0.997817
1.00211
1.00036
1.00433
0.997546
1.00204
1.00051
1.00014
0.996189
1.00184
0.998409
1.00075
0.997422
1.00172
1.0008
0.997694
1.00216
1.00485
0.99535
0.999692
1.00162
1.00016
1.00246
0.9934
1.00174
1.00325
0.996657
1.00233
1.00206
0.995152
1.00132
1.00024
1.00001
0.995276
1.00036
0.99762
0.999495
0.993647
1.01001
1.00431
1.00216
0.999297
1.00835
1.00135
0.997274
1.00213
0.996805
1.00253
0.996781
1.00135
0.997718
0.997348
0.998927
1.00973
1.00058
1.00389
0.998755
1.00897
0.99419
0.998483
0.998187
0.99984
0.99757
1.0007
1.00932
0.998681
0.998903
1.00885
1.00241
0.99609
0.995966
1.0026
1.0027
0.997891
0.996361
1.00031
1.00394
0.994782
0.997126
1.00246
0.998755
1.00105
0.99873
0.997669
0.999001
0.994338
1.00246
1.00014
1.00359
0.99989
1.00056
0.998755
0.999791
0.997768
0.998681
0.999717
0.998459
0.998409
1.0063
0.999816
0.995646
0.998804
0.999594
0.997027
0.995103
0.9991
0.997447
0.996164
1.00009
1.00307
0.997151
1.00574
1.00495
0.998656
1.00073
1.00209
0.999594
1.00579
1.00248
1.00465
0.998804
0.99609
0.996114
1.00315
0.998409
1.00438
1.00438
0.996287
1.00075
0.996238
1.00238
0.996139
0.995646
1.00053
1.00159
0.994289
1.00065
1.00322
0.998434
1.00085
0.995917
0.99836
1.00643
0.994659
1.00095
1.00174
1.00191
0.998335
1.00332
0.999964
1.00517
1.00041
0.99303
1.00184
0.999914
0.999051
0.996682
0.998952
1.00337
1.00147
0.99762
1.0026
1.00288
0.994461
0.998681
0.995646
0.998779
0.997694
1.00389
0.993376
0.999914
1.003
0.998088
0.99873
1.00218
0.99567
0.993894
0.995522
0.99799
0.998952
1.00107
1.00544
0.997669
1.00329
1.00317
0.998014
0.996855
0.997324
1.00529
1.00317
1.00028
1.00191
0.997175
1.00115
1.0087
1.00201
1.00199
0.992759
1.00297
1.00024
0.994289
1.00115
0.99989
1.00226
0.996164
0.995769
1.00159
1.00241
0.996263
1.00554
1.00065
0.999297
0.998977
1.00048
1.00411
1.00364
0.99984
0.999149
1.01038
0.996114
1.00043
1.00433
0.995769
1.00801
0.997718
0.996904
1.00386
1.00702
0.9991
0.993993
0.994585
0.994757
0.998162
1.00189
0.994535
1.0044
1.00342
0.997052
1.00068
0.997595
0.996386
1.00006
0.997792
1.00391
1.00189
0.995547
1.01161
0.996164
0.998952
1.00406
0.999816
1.0009
0.9991
0.997324
1.00327
0.999248
0.998533
0.9972
1.00478
0.99345
1.00569
1.00374
0.995325
0.999964
0.996731
0.995621
0.996731
0.994313
1.00537
0.999248
0.994461
0.998385
1.00248
1.00236
0.996238
1.0013
1.00137
0.996608
1.00228
0.996904
0.997299
1.00028
0.997595
0.992561
0.996682
0.999223
1.00194
1.00539
1.00024
0.999297
1.00574
0.997669
0.996337
0.99836
0.997472
0.99836
1.00026
1.00552
0.9972
0.99604
0.999445
1.00487
1.0009
1.003
1.00288
0.997052
0.992339
0.995128
0.998952
0.994091
1.0008
1.00226
0.988268
1.00273
0.998212
1.00305
0.999988
0.99989
0.99873
1.00038
0.998459
1.00115
0.999371
0.994017
0.999322
1.00107
1.00258
0.99192
1.00085
0.999174
0.993894
0.996559
1.00416
1.00033
1.00132
1.0008
0.995078
0.999174
1.00021
1.00468
1.00285
1.0007
1.0013
1.00174
0.994289
1.00125
0.995424
1.0031
1.00788
1.00065
0.999051
1.00226
1.00181
1.0069
0.994264
0.998434
1.00394
0.998014
0.995522
1.0048
1.00137
0.998014
0.998088
0.998434
0.997052
1.00643
0.998261
0.999939
0.993647
1.00243
1.00547
0.999914
1.00411
0.999051
1.00176
1.00635
1.00317
1.00421
1.00075
0.999001
1.00068
1.00132
0.997027
1.00408
0.991254
0.994289
1.003
1.00297
0.993943
0.998385
0.996509
1.0007
1.00305
1.00576
1.00147
0.994017
0.997891
0.994387
1.00053
1.00317
1.00253
0.997175
1.0048
0.997768
0.999223
1.00292
0.998829
1.0026
0.997126
0.995226
1.00068
1.00075
0.99984
1.00362
0.996016
0.997595
1.00241
1.00798
0.996953
0.997496
0.998631
1.0031
1.00337
0.999445
1.00102
1.00344
1.00418
0.995695
1.00754
1.00021
0.994067
0.997644
0.998459
0.995473
1.00026
1.00697
0.998138
0.999766
0.998138
1.00046
0.997817
0.997595
0.995621
1.00492
1.00139
0.998779
1.00512
0.992808
1.00621
0.996805
0.999964
1.00283
1.00253
1.0011
1.00749
1.00028
1.00115
0.994683
1.00364
1.00189
1.00073
0.993302
0.997348
1.00312
0.994437
1.0044
1.00196
1.00186
0.994461
1.0013
0.999174
1.00061
0.999199
0.999964
0.997792
1.00389
0.998607
1.0045
0.994757
1.0032
0.999445
0.998014
0.99794
1.00342
1.00788
0.998039
1.00243
0.995473
0.994165
1.00243
1.001
0.996682
1.00497
1.00722
0.999742
0.998977
1.00675
1.00246
0.998261
0.999322
0.99831
1.00213
0.999692
1.00438
1.00011
0.998286
1.00004
1.00547
0.99836
0.996386
1.00238
1.00179
0.998631
1.00236
1.00278
1.00325
0.998656
1.00172
0.999075
1.00085
1.00253
0.999322
0.994708
0.99836
1.00263
0.994535
0.996016
1.00009
0.99836
1.00248
0.997175
1.00463
1.00574
1.00223
0.994905
1.0011
0.999396
1.0012
1.00164
1.00613
0.999273
1.00416
1.00305
0.989946
0.998705
1.00117
0.997694
1.00073
0.998705
0.997817
1.0026
0.998138
0.994634
1.00426
1.00038
1.00196
1.00184
0.996435
1.00677
1.00394
0.992167
1.00058
1.00137
0.995744
0.996929
0.998779
0.999297
0.997225
1.00172
1.005
1.00167
0.99419
0.998064
0.998533
1.00073
0.999964
1.0066
0.995004
0.99873
1.00904
1.00273
0.997916
1.00115
1.00063
1.00053
0.99762
1.00337
1.00186
0.999371
0.996189
0.999371
1.00001
0.997965
0.999569
0.999692
0.999717
1.0031
1.00048
0.995966
0.997077
0.994289
0.996114
0.999001
1.0007
1.00014
0.997916
0.997422
0.998261
1.0045
1.00065
0.999149
0.995177
1.0031
0.995892
0.995794
0.994634
0.990069
1.00934
0.995177
0.994387
1.0031
1.00734
0.999914
1.00204
0.996189
1.00532
0.997126
1.00216
0.99377
0.999495
1.00199
1.00021
1.00529
0.999322
0.997398
0.999149
1.00677
1.00591
0.994289
0.997052
1.00048
0.994609
0.996213
0.995251
1.00369
1.00285
0.996855
0.999248
1.00349
0.997595
0.994634
0.997052
0.999322
1.00209
0.998483
0.997348
1.00024
0.998113
0.997916
1.0028
0.99989
0.999297
1.00354
0.99836
1.00147
1.00524
0.997027
0.999618
1.00411
1.00127
0.998755
1.00135
0.995399
1.00468
1.00907
0.9991
1.00172
0.99757
1.00038
0.998853
0.999692
0.999125
1.00401
1.00098
0.996978
0.998409
0.994486
1.00095
1.00391
1.00243
1.00056
0.999544
1.00016
0.998607
1.00473
0.996386
0.998755
0.997718
0.996361
0.996287
0.998755
1.00184
0.996879
1.00132
1.0007
1.00579
1.00041
1.00292
0.995942
1.00028
1.00216
1.00241
1.00273
0.997472
1.00216
1.00053
0.9953
1.0029
0.997817
1.00068
0.992907
1.00431
0.994609
0.99725
1.00255
0.993573
1.00603
1.00687
0.996065
1.00445
1.00428
0.992093
0.994585
1.003
0.991624
0.999273
0.99989
1.00332
0.994683
1.00213
1.00159
0.998039
0.994609
1.00196
1.00102
0.996435
1.00251
0.998607
1.00362
1.0008
1.00179
0.997521
1.00813
1.00285
0.996781
0.996682
1.0009
1.00544
1.00102
0.996509
1.00125
1.00196
1.01474
1.00112
1.00436
0.999495
0.997916
0.997669
1.00221
1.00596
0.999544
1.00048
0.997175
1.00125
0.996608
0.993524
0.998064
0.997496
0.99984
1.00221
0.993178
1.00199
1.00482
0.999396
0.993721
0.999939
0.996929
0.994313
1.00445
1.00719
1.00149
1.00152
0.989823
1.00107
1.00463
0.990859
0.99567
1.00164
0.997669
0.993672
0.99567
1.00004
0.997373
0.999075
0.993598
0.998533
1.00095
0.999791
1.00001
1.0012
1.00369
1.00845
0.99799
0.996411
0.992734
0.997743
1.00065
1.00152
1.00418
0.998138
1.00902
1.00724
1.00001
0.990341
0.995473
1.00246
1.00929
1.00667
1.00448
0.996978
0.995251
1.00522
1.00236
0.993993
1.00677
1.00048
1.00776
1.00357
0.995128
0.995202
0.993351
0.994659
1.00391
0.999371
0.997965
0.999692
0.994387
1.00283
1.00329
0.998039
0.992709
0.996978
1.00406
0.999544
1.00253
0.99873
1.00073
1.00026
1.00179
1.00317
0.999791
1.00253
1.0065
0.997965
0.991772
1.00176
1.0087
0.998434
1.00774
1.00218
0.997027
1.00443
1.0007
1.00078
0.998804
0.992413
1.0106
0.99947
0.997866
0.99799
1.0045
1.00088
1.00734
0.995004
0.990489
0.999125
1.00231
0.994165
1.00068
1.00132
0.997694
1.00505
1.00048
1.00167
0.994313
1.00924
0.998755
0.996164
0.996879
0.997299
0.998533
1.00036
1.00544
1.00663
1.00152
0.997373
1.00159
0.995473
0.99836
0.998261
1.00174
1.00019
1.00312
0.998187
1.00635
1.00117
0.997027
1.00268
0.998656
1.00189
1.00149
1.00418
0.997225
1.00048
0.996386
1.00164
0.989354
1.00226
0.999322
1.00633
0.997373
0.996731
1.00098
1.00115
1.00702
0.995103
0.996978
0.997151
1.00019
1.00357
0.993474
1.00024
0.999199
1.00179
1.00633
0.996731
0.994782
1.00265
0.994264
0.998533
0.994535
0.999273
1.00295
0.992882
1.00231
0.996633
1.0013
0.995251
0.998853
0.999791
0.998607
1.00048
1.00317
0.999668
0.996978
1.00436
1.00455
1.00041
0.999371
1.00608
0.996361
0.995078
1.00611
0.997225
1.00043
0.998483
1.00053
1.00236
0.995695
0.991599
1.00053
1.00265
0.999766
0.996929
0.997299
1.00154
1.00408
0.994535
1.00142
0.995276
0.998236
1.00685
1.00021
0.999125
0.999347
1.00517
0.995547
0.995473
0.996805
0.999618
1.00241
0.9953
1.00428
0.993006
1.00512
1.00236
1.00016
1.00043
0.99873
1.00428
1.00399
1.00127
1.00073
0.999051
0.988786
1.00297
1.00322
0.998853
1.00028
0.998656
0.99799
1.00164
1.00157
0.997965
0.993548
1.00285
0.998878
1.00093
0.999149
0.998187
0.995646
0.994363
0.995424
0.99572
0.997101
0.994585
0.997447
1.00043
0.991723
0.996435
1.00369
1.00174
0.998582
1.00332
1.00307
0.996386
0.998286
0.997003
1.00537
0.999149
0.993548
0.992759
0.997422
1.00238
0.994338
1.00406
0.995942
1.00226
1.00125
0.993376
1.00186
0.994289
0.999569
0.998829
0.99345
0.996929
1.00001
1.00791
1.0009
1.00233
1.00048
0.994708
1.0008
1.00877
1.00475
0.990958
1.00159
0.998014
0.996189
1.00098
1.00147
1.00144
0.998088
0.998508
0.999199
1.00179
1.00519
1.00014
0.996287
1.00241
0.996953
1.00137
0.992339
1.00102
1.00515
0.993721
0.994856
1.00051
0.998829
1.00157
0.99952
1.00394
0.99572
1.00418
1.00818
0.999026
0.998977
0.998903
1.00164
0.998236
0.99947
1.00024
1.00961
1.00028
1.00075
0.999421
0.99799
1.00386
1.00334
0.992093
0.993474
0.99762
1.00009
0.996534
1.00201
0.997743
0.996287
1.00184
1.00258
0.996978
1.0009
0.998952
1.00144
0.994141
0.998483
0.998187
0.997842
1.00268
0.997768
1.00053
0.99836
0.997175
0.998755
1.00061
0.996731
0.999001
1.00211
0.999865
0.997299
0.999001
1.00058
1.00189
0.993129
0.996016
1.00835
0.997472
1.00228
0.996929
0.991229
1.00325
1.00078
1.00517
1.00598
1.00061
0.990711
1.00226
1.00307
0.998113
1.00845
1.00376
1.00623
0.998187
1.00147
1.00011
0.991624
1.00167
0.996904
0.993129
1.00547
1.00236
1.00073
1.00218
1.0048
1.00401
0.996238
0.996509
0.995226
1.00283
1.00024
1.0049
0.995128
0.99831
0.99609
1.00236
0.994141
1.00265
0.998681
0.999964
0.997274
1.00401
0.99762
1.00618
0.998779
0.999248
1.00771
0.997916
0.997472
0.999075
0.998064
1.00065
1.00574
1.00263
1.00357
1.00522
1.00791
1.00275
1.00621
0.993326
0.999273
1.00366
1.00036
1.00063
0.999445
0.997768
0.99952
1.00093
1.00285
1.00176
1.00098
0.993968
0.995448
0.996657
1.00283
1.00102
0.998385
0.993993
0.995424
0.99952
0.999125
0.998533
1.00051
0.996953
1.00231
0.998064
0.998014
0.998434
0.993154
1.00132
1.00786
0.995078
0.998113
0.997398
1.00041
1.01045
1.00334
1.00043
0.997694
0.996583
0.996805
0.996312
1.00507
1.00105
0.99345
0.998533
1.00063
0.997718
1.00053
0.997027
0.993672
1.00855
0.994733
1.00347
1.00418
0.997644
0.99604
0.997151
0.999199
1.00036
0.992784
1.00152
0.99683
0.997669
0.993993
0.995029
1.00056
0.996953
0.996114
1.00307
1.00376
0.992858
1.0047
0.997003
0.995744
0.996707
1.00327
0.997792
1.00384
0.999766
0.999544
0.998533
0.996386
1.01092
0.996287
1.00463
1.00406
0.996238
0.997595
0.998853
0.999248
0.998483
0.99419
0.991352
0.997817
1.0031
0.994979
0.999248
1.00714
0.994905
1.00184
1.00152
0.999692
0.995572
1.00253
1.00006
1.00675
1.0026
0.998853
1.0051
0.994387
0.997274
1.00194
0.997842
0.99947
0.994831
0.995424
1.00352
1.00006
1.00016
1.00088
0.997274
1.0031
1.00167
1.003
1.00026
0.993869
1.00021
0.994585
1.0013
1.00421
1.00779
0.998779
0.997694
0.998878
0.99762
1.00194
0.998829
0.993326
1.00218
0.994363
0.993302
0.999223
1.00036
1.00732
0.999668
1.00169
1.00714
1.00115
1.00292
0.996756
0.996781
1.00201
0.996386
1.00734
1.00115
0.992882
0.9953
1.00626
1.00408
1.00263
0.997299
1.00297
1.0028
1.00406
1.00078
0.999816
1.00073
0.996929
0.998508
0.996114
0.99567
0.999816
1.0066
0.997003
1.00283
0.995498
0.997891
1.00038
0.999445
0.999692
1.00265
0.997496
1.00253
1.0026
1.00137
1.00127
0.995177
1.00238
1.00241
0.999322
0.999297
1.00051
1.00312
1.00487
0.998286
1.00209
1.00788
0.999594
0.99081
0.998952
0.998113
0.999026
0.999223
1.00117
1.00157
1.00088
0.999199
0.999569
0.996509
0.998705
0.999618
1.00295
0.998236
0.997324
1.00154
1.00181
0.99873
0.993277
0.998434
1.00522
1.00339
1.00191
1.00315
0.999544
0.995991
0.996731
0.996978
1.01166
0.994659
0.997373
1.00581
1.00186
0.997595
1.00544
1.00554
0.9953
0.993006
0.993647
0.998483
1.00317
1.00038
1.00142
1.00342
1.00566
1.00083
1.00075
1.0063
1.001
1.00549
0.994387
0.991426
1.00329
1.00228
0.995522
0.994881
1.00396
0.99609
1.003
0.996855
1.00339
1.00574
1.00655
0.994215
1.00611
1.00238
1.00438
1.00004
0.999001
0.994289
0.997472
1.0029
0.996312
0.996361
1.00455
1.00608
0.998187
1.00391
0.996978
0.998903
0.99836
0.996929
0.994659
1.00083
0.99947
1.00399
1.00051
0.999939
1.00556
0.997447
1.00413
0.999766
0.999766
1.00033
0.999618
1.00011
1.01075
0.997792
0.994807
1.00107
1.00075
0.997175
0.99984
0.996583
1.00411
1.00137
1.00223
0.999742
0.993474
1.00349
1.00672
1.00278
0.997027
1.00544
0.99989
1.00038
1.00194
1.00322
0.997669
1.00112
1.00793
0.999594
1.00413
0.994659
1.00083
0.999322
0.999865
0.998557
1.00186
1.00206
0.999544
1.00181
1.00376
1.0044
1.00073
0.996361
1.00149
0.998212
0.997003
0.998853
0.998582
1.00095
1.0011
1.00199
1.00522
0.995251
0.999125
0.995054
1.00401
0.995226
0.999421
1.00125
1.00339
0.994165
0.994905
1.00307
1.00006
1.00083
0.999939
1.00371
1.00095
1.0011
0.995572
0.998113
1.0031
0.997398
0.993277
0.994659
1.00386
0.998755
1.00273
1.00302
1.00354
1.00589
1.00458
0.996583
0.9991
0.997521
0.997299
0.99952
1.003
1.0007
1.00391
1.00238
0.999199
0.989699
0.994831
1.00041
0.998508
1.00621
0.996978
0.999396
0.999371
0.994708
0.998977
0.999322
1.00337
0.99831
0.993968
1.00329
0.997694
1.00337
1.00046
0.999199
1.00648
1.00394
0.998162
1.00302
1.00438
0.996633
1.00011
1.00288
1.00196
0.997398
0.996114
1.00095
1.00379
0.998162
1.00542
1.00137
1.00122
0.997175
0.990662
0.993154
1.00482
1.0012
1.00028
0.998236
0.997965
0.995226
1.00056
1.00394
0.997274
1.00416
1.00058
1.00046
1.00216
1.00056
0.996337
0.997743
1.00374
0.998607
1.0013
1.00021
0.996509
0.997373
0.999001
0.992784
1.00339
1.00223
1.00139
1.00142
0.996114
1.00031
0.997447
1.00705
0.998755
0.998681
1.00213
0.9953
1.00608
0.999791
0.998779
0.998853
0.998039
0.998261
1.00105
1.00384
0.994881
0.99794
1.005
0.993622
1.00394
0.998582
1.00418
0.993721
1.00408
0.996879
1.00946
0.997595
1.00672
1.0031
1.00194
1.00394
1.00201
0.999964
1.00248
1.00312
1.00258
1.00544
1.0013
1.00305
0.99308
0.99419
1.00204
0.998631
0.997324
1.00135
0.995498
1.0029
1.00376
1.0065
0.998113
1.00369
0.997644
0.996855
0.992586
0.995695
0.995251
1.00223
1.00522
0.993154
0.99266
1.00169
0.993178
0.998903
0.993425
0.999396
1.00048
1.00275
0.995424
0.996361
0.996707
1.00001
1.0066
0.994535
1.00243
0.994634
1.00433
0.997003
0.998212
0.996756
0.996978
0.994313
1.00458
1.00176
0.993943
1.0068
1.00386
0.994387
0.999569
0.99683
0.994313
1.00894
0.993006
0.999445
0.996312
0.999026
0.995646
0.994141
1.00406
0.996633
0.999445
0.997003
0.994239
0.996879
0.997669
1.00549
0.996189
1.00075
1.00149
1.00431
0.999248
0.999618
1.00127
1.00255
1.00492
0.999149
1.00157
1.00085
1.00184
0.999865
1.00028
1.00033
0.996287
0.994535
1.00258
1.00554
0.984912
0.999149
1.00779
1.00142
0.997891
1.00189
0.994708
1.00618
1.00132
1.00248
1.00021
0.99831
1.00095
1.00781
1.0031
0.997866
1.00334
1.00626
1.00248
1.00095
0.997718
1.00288
1.00862
0.996238
1.00552
1.00327
0.994511
0.998681
1.00251
0.998113
1.00186
1.00226
0.999865
1.00655
0.999668
1.00623
0.995399
1.00196
0.997472
0.998804
0.998162
0.994955
1.00169
0.999347
1.00201
1.00485
0.998483
1.00001
0.999248
1.01131
0.993006
1.00663
1.00075
1.00147
1.00238
0.999149
0.997965
0.998607
0.99646
1.00986
1.00576
0.99345
1.00209
1.00194
0.994042
0.998459
1.00157
0.998705
0.999692
1.01065
0.992685
1.00206
1.00036
0.999322
1.00228
1.00199
0.999445
1.00048
1.00554
0.991871
1.00216
0.99794
1.00297
0.986294
1.00357
1.00006
0.998459
0.993968
0.999717
1.00162
0.997324
0.997077
0.996583
1.00026
0.993993
0.996608
1.00157
0.992784
1.00268
1.00021
1.00403
0.999297
1.00302
0.999297
1.00031
0.998113
0.995473
1.00352
1.00213
1.00058
0.996657
0.995103
1.00019
0.997496
0.997694
1.0013
0.995226
0.99831
1.00068
0.998853
1.00098
1.00184
0.998607
1.00497
1.0067
1.00093
0.999174
0.995942
0.99683
0.998804
0.995868
1.00554
0.995942
0.99984
0.999125
1.00169
1.0008
0.99683
0.98923
0.995103
1.00507
0.998705
0.997842
1.00021
1.00159
1.00453
1.00423
0.994437
1.00073
0.997718
1.00475
0.998631
1.0084
0.998138
0.998088
0.992932
1.00564
0.997496
1.00487
1.00507
0.991945
1.00115
0.999051
0.994141
1.00714
1.00455
1.00162
1.00628
1.00169
0.997842
1.00865
0.99192
0.994313
1.00117
0.99345
0.994017
0.99646
0.996805
0.997398
1.00137
1.00228
1.00517
0.996978
0.998286
1.00149
0.999569
0.997792
1.00038
1.00006
1.00386
0.996904
0.999223
1.0032
0.995029
1.00226
1.00803
0.993573
0.998829
1.00342
1.00236
1.01013
1.00135
0.994141
1.00288
0.999914
1.00278
1.00218
1.00251
1.00334
0.994165
0.996805
0.994659
1.00416
1.00431
0.999273
0.999051
0.997027
1.00667
0.9991
1.00031
0.998162
0.99456
1.00083
0.994905
1.00431
1.00909
1.00334
1.00769
0.998705
0.995128
1.00152
0.999149
1.005
1.00102
0.998162
0.994856
1.00115
0.998557
0.999445
0.998162
1.00248
0.999421
1.00176
0.998631
0.997644
1.00621
1.0011
0.998755
1.00867
0.995202
1.00596
1.001
1.0028
0.997842
0.993993
1.00623
0.999816
0.997447
1.00139
0.993178
0.998804
1.0029
0.998557
0.998434
1.00216
1.00292
1.00117
1.00223
1.00068
0.997718
1.00406
1.00379
1.00167
0.998286
1.00152
0.991525
1.00065
1.00527
1.00606
1.00043
0.998705
0.99725
1.00135
0.998681
0.999939
1.00579
1.00305
1.00204
1.00174
1.0031
0.999149
1.00201
1.00174
1.00576
0.995818
1.00098
0.999001
1.00068
1.00433
0.99683
1.00238
1.005
1.0009
0.996978
0.999371
1.00238
0.995078
0.993006
0.998187
1.00102
0.998385
0.998755
0.991624
0.996534
1.00152
0.994437
0.999421
0.995325
1.00334
0.998903
1.00026
1.00028
1.00228
1.00147
1.00283
1.00584
0.994215
1.00268
0.995917
0.997546
1.001
1.00448
0.993203
0.999199
1.00823
1.00137
0.996879
1.00403
1.00584
1.00181
0.999495
0.993598
1.00724
0.998459
0.998952
1.00403
1.00009
0.998434
0.995399
1.007
1.00061
0.99572
0.993943
0.999964
1.00176
0.996164
1.00223
1.00058
1.00228
1.00127
1.00021
1.0087
0.999816
0.998903
0.996879
1.00251
0.99831
0.99757
1.00478
1.0007
1.00137
0.998631
0.996756
1.00786
1.00159
0.998261
0.999569
0.993203
0.997077
0.997916
0.998927
0.99303
1.00357
0.993844
0.996855
1.00009
1.00248
1.0048
1.00021
0.999396
0.999988
1.00779
0.999273
1.00349
0.997324
0.996879
1.00243
1.00487
0.999914
0.998088
1.00019
0.992882
1.00507
0.997694
0.993326
0.9991
0.994239
0.999149
1.00248
1.00243
1.00722
0.994683
1.00665
1.00226
0.998927
1.00019
0.998434
1.00512
0.996337
0.997398
0.999223
1.00399
0.99609
0.995202
0.99989
0.997817
0.99989
0.999445
1.00014
0.997546
1.00359
1.00808
0.996189
0.999051
1.00675
0.989255
0.997768
0.994733
0.998261
1.00006
0.996682
1.00248
0.994511
1.00371
0.996731
1.00357
0.999569
1.00125
1.01038
1.00024
1.00167
1.00191
0.995843
1.00053
1.00033
0.99609
0.99572
1.00746
0.999371
1.00169
1.00179
1.00292
0.998138
1.00347
1.00011
1.00236
1.0009
1.00436
1.00576
0.993721
1.00194
0.999421
1.00283
0.997842
0.999643
0.998533
1.00349
1.00487
0.998459
0.998705
0.995695
0.99831
0.999594
0.999692
1.00162
1.00828
1.00376
0.995843
1.00273
1.001
1.00322
1.00209
0.997422
1.00157
1.00125
0.99947
0.99836
1.00312
0.998607
0.999791
1.00872
1.00169
1.00416
0.991846
0.996312
1.003
0.99725
1.00209
1.00359
1.00638
0.998187
0.988046
0.99266
0.997052
1.00463
0.997126
0.994905
1.00253
1.0027
1.00423
0.996189
1.00616
1.00455
1.00628
0.995152
1.00601
0.997644
1.0031
1.00046
0.998779
0.999322
1.00238
1.0104
0.996164
1.00613
1.00186
1.00233
0.99762
0.997496
1.00643
0.998039
0.998212
1.00978
1.00376
1.00744
0.992784
1.00144
0.995769
1.00167
0.997373
1.00105
0.998977
1.00944
1.00273
0.994535
0.999371
1.00026
0.996633
1.00105
1.00058
0.996707
1.0012
0.998977
1.00273
0.995991
1.00132
1.00135
1.00127
0.992019
0.997842
1.00865
0.995942
0.99831
0.999791
0.998212
0.994017
0.999371
0.998952
1.00211
0.996657
1.00058
1.00122
1.00016
1.00132
1.00014
1.00574
0.995522
0.998088
1.00167
1.00325
1.00312
0.994634
0.997398
1.00719
1.00093
1.00031
0.997225
0.996139
0.995991
0.996213
1.00213
1.00031
0.9972
1.00157
1.00085
1.00191
1.00065
0.997003
1.00406
0.998459
1.00717
1.00512
0.995103
1.00295
1.00502
0.999223
0.999273
1.00226
1.00305
0.998162
1.00808
1.00061
0.998631
0.999001
0.996312
0.99725
0.999569
1.00806
1.00068
0.99799
0.997077
0.993894
1.00093
0.998434
0.999544
0.999223
0.997546
1.00231
1.00288
1.00359
0.994239
1.00932
0.9972
1.00051
0.989304
1.00011
0.999445
0.996485
1.00332
1.0011
0.999668
0.999421
0.9934
1.00112
1.00379
1.0048
1.00107
0.997546
0.998977
0.99989
0.9991
1.0044
0.997792
0.99572
1.00497
1.00739
0.996213
1.00756
0.999717
1.00189
0.996386
1.00265
1.00406
1.00502
0.998927
0.995695
1.00194
1.00394
0.998533
0.996534
0.996189
1.00288
1.00159
0.998088
0.999939
1.00073
1.0026
1.00394
0.992784
1.00645
0.996337
0.992537
1.00475
0.998434
0.995547
1.0049
1.00616
0.999914
1.0044
1.00411
1.00053
0.997348
0.999594
1.00041
1.00028
1.00144
0.999223
1.00268
0.994264
1.00233
0.995794
0.998385
0.992685
0.999149
0.998804
0.990513
0.99572
0.998138
1.00024
1.00443
0.996534
0.999297
1.00433
1.00342
0.999297
0.998113
1.00117
1.00369
1.0011
0.996361
0.996213
1.00181
0.998582
1.00426
0.999001
0.997718
1.0012
1.00263
0.992833
1.0013
0.998952
1.00144
0.998162
0.998952
1.00253
0.998409
0.994289
1.00149
1.00201
1.00485
1.00729
0.996238
0.989897
0.998755
0.999766
1.00065
1.00344
0.993129
1.00172
1.00774
1.00176
0.996509
0.997644
1.00179
1.00384
0.995029
1.00056
1.00364
1.00078
1.00095
0.996731
0.991451
1.00053
0.999742
0.997792
0.999026
1.00189
0.993425
1.00403
1.0047
1.00169
0.996263
0.998064
0.998088
1.00167
0.999248
0.998927
0.994535
0.99683
1.00394
0.995917
1.00186
0.998212
1.00233
1.00951
0.99831
0.99683
1.00692
0.999594
0.99989
0.995646
1.00278
0.997348
0.995374
1.00327
1.00413
1.00243
0.999569
1.01001
0.998607
0.998533
0.998508
0.993795
1.00357
1.00389
1.00199
0.996534
1.00053
1.01168
0.997422
0.99572
1.00152
1.00329
0.992339
1.00593
0.999816
1.00648
1.00159
0.999816
1.00862
0.993104
1.00147
0.998335
1.00305
0.990538
0.997447
1.00342
1.00031
1.00033
0.998385
1.00418
1.00332
0.995695
0.995374
1.00354
0.997299
1.00152
0.99456
1.00497
1.00608
1.0046
0.987651
1.00058
1.00221
0.997175
1.0108
0.999273
0.999766
1.00403
0.995103
0.994437
1.00949
1.00532
0.998236
0.998533
0.997817
0.993696
1.00724
1.00502
0.992709
0.995868
0.9972
1.00626
1.00337
1.00976
0.998903
0.996386
1.00682
1.00278
0.998434
0.998977
0.998829
1.00325
0.998681
0.999594
0.996164
0.993795
1.00014
0.998039
0.995078
1.00556
0.993524
1.00749
0.994461
1.00408
1.00687
1.00028
0.998483
1.00011
1.00329
0.999174
0.997348
0.997743
0.999223
0.995843
0.996016
1.00288
0.995596
1.00085
0.996559
0.993894
0.996756
1.00927
0.999174
1.00268
0.99567
1.00036
0.99794
1.00635
0.995818
1.00475
0.996065
0.999001
1.00593
1.00137
0.997694
0.992315
0.995818
1.0082
1.00399
0.994067
0.996657
0.999939
0.998187
1.00305
1.00046
1.00024
0.995325
1.00598
0.996855
1.0047
1.01311
1.00492
1.00347
0.997768
1.00843
0.997175
1.00391
1.00714
1.00024
0.997052
1.00591
1.00075
1.00157
0.999347
0.997101
0.998952
1.0026
0.999125
0.997422
1.00036
1.00384
1.00038
0.995103
0.997718
1.00115
1.00088
1.00455
0.996953
0.998631
1.00334
1.00366
0.997842
0.999297
1.00781
0.999569
1.00416
1.00031
1.00707
0.999569
1.00386
0.995843
0.997792
1.00184
0.999174
1.00127
0.992241
0.99989
0.999396
1.00154
1.00213
1.00043
0.999594
1.00322
0.989897
1.01553
0.996682
1.00892
0.991624
0.9972
1.00058
0.998187
1.00574
0.999594
1.00167
1.00053
0.991673
1.00292
1.00475
0.996263
1.00075
0.998977
1.00581
0.997817
0.995251
1.00362
1.00085
0.998508
1.0031
0.996509
0.995103
1.00154
1.00255
0.994905
1.00024
1.00009
0.993795
1.00848
0.99567
0.998212
0.997866
0.997595
1.00196
1.00329
1.00389
1.00709
1.00401
1.00122
1.00031
1.00677
0.991673
1.00534
0.997398
1.00241
0.995966
0.999248
1.0027
0.996114
0.994535
0.9953
0.994338
1.00458
0.997126
0.994585
0.998681
0.999001
0.999988
1.00478
1.0049
1.0045
1.00009
0.99757
1.01038
1.00297
0.997175
0.997694
0.999051
1.00061
1.00122
1.00211
0.99836
1.0047
1.00016
1.00043
1.00265
0.99831
0.998878
1.003
1.00216
0.996435
1.00628
1.00233
0.997422
0.992784
1.00102
1.00275
1.00349
1.00184
1.00162
0.998236
0.998631
1.00105
0.995177
0.997472
0.995892
1.00638
0.99831
0.99567
0.997373
1.0046
0.997546
1.00152
0.999495
0.999791
1.00322
0.999914
0.997644
1.00475
1.00112
1.00016
0.997373
1.0029
0.998039
0.999964
0.997299
1.00288
1.00445
1.00006
0.995818
0.995917
0.99646
1.00431
0.993647
0.999964
1.00191
1.00534
1.00194
0.99762
0.999445
1.00465
0.993376
1.00724
0.999594
0.997694
1.00246
0.99266
1.00663
0.999643
1.00685
1.0045
0.998335
0.998878
1.00137
1.00144
1.00061
1.00428
0.989724
1.00327
1.0007
0.998582
1.00342
0.999001
0.998014
1.001
1.00014
1.00505
1.00073
0.990143
1.00102
0.997521
1.00537
1.00181
1.00685
0.995646
1.00021
0.997126
0.99572
1.00428
1.00465
0.993869
1.00031
0.993598
0.99604
1.00009
0.997768
0.995177
1.00004
0.99456
1.00061
1.00186
0.995202
1.00384
1.00734
1.00285
0.999791
1.00559
1.00463
1.00238
0.998162
0.998779
1.00253
1.00216
1.0048
1.00902
0.992043
0.999988
0.998681
0.99831
0.9991
1.00295
1.00408
1.00233
1.00186
0.998236
0.997965
0.99535
1.00033
0.999939
1.00549
1.00278
0.998014
1.00401
1.00327
0.997694
1.00292
0.997052
1.00519
1.00181
0.997348
0.995991
1.00586
0.999495
1.00478
1.00056
0.9972
1.00705
1.00552
0.998039
1.00569
0.999297
0.995917
0.999223
0.995374
0.998952
0.998557
1.0067
1.00576
0.998335
0.998286
0.999223
0.99308
1.00598
1.00465
1.00258
1.00043
1.00408
0.998483
0.997422
0.997694
1.003
0.993524
0.996534
1.00845
1.00455
0.993351
0.99308
1.00078
1.00552
0.999322
1.0012
1.00485
0.995152
1.00083
0.998459
0.998212
1.0049
0.999939
0.997694
0.993524
1.00327
0.997225
0.994979
1.00357
0.999766
0.997644
1.00263
0.998212
1.00248
1.00396
1.00327
1.00248
1.00053
1.00374
0.998187
0.994979
0.996805
0.994856
1.00053
0.997027
0.999199
0.999643
1.00342
0.996657
1.00006
1.00428
1.00317
1.00053
1.00386
1.00075
1.00288
1.0011
0.999618
1.00236
1.00354
1.00031
1.00011
0.998162
1.00169
1.00337
0.998459
1.00112
1.00011
1.00537
0.999569
0.998681
0.996213
1.00135
0.998557
0.995892
1.0008
1.00307
0.994634
1.00473
1.00586
0.993844
0.998212
0.99947
0.997052
1.00024
0.996904
0.99419
0.999199
1.00024
0.998459
1.00191
1.00302
1.00344
0.997126
1.00063
0.997768
0.997644
1.00241
1.00561
1.00058
0.991352
0.994141
1.00431
0.999445
0.996263
0.998853
0.998064
1.00482
1.00532
1.00026
1.00307
1.00231
0.993573
0.99989
0.997521
1.00325
0.993573
0.997842
1.00381
1.0009
1.00075
0.999643
0.995498
1.00455
1.00835
0.998631
1.00633
0.998607
1.00292
1.00263
0.998113
1.00199
1.00253
0.996781
1.00332
1.00371
0.999717
0.99725
0.990242
1.00613
0.998335
1.00152
1.00061
0.998977
0.997817
0.998508
1.00381
0.995942
0.995966
1.00408
0.992019
1.00428
1.00142
0.994289
0.994708
0.993894
0.996139
1.00776
0.999001
1.00063
0.998088
1.00603
1.00127
1.00179
1.00325
0.998631
0.992364
0.997891
1.0066
1.00547
0.999223
1.00061
0.999692
0.993376
1.00635
0.999297
1.00384
0.998607
1.00379
0.999495
1.00105
0.998779
1.00275
1.00904
0.997694
0.99493
0.996583
1.00186
0.994017
1.00798
1.00201
1.00221
1.00152
0.99567
0.999742
0.999569
0.994955
0.99952
1.00317
0.995276
0.995596
1.00292
1.00191
0.994757
0.996633
0.993672
1.00038
0.998705
0.994313
0.996386
1.00184
1.00458
0.999816
0.999297
0.999149
0.996682
0.999865
0.998459
0.994486
1.00515
1.00251
0.996657
0.999964
0.997052
0.990933
1.00465
0.99303
0.997792
0.998853
0.999297
1.00574
0.996361
0.993968
0.997052
1.00606
0.99873
1.00228
0.995818
1.00332
0.995103
1.00537
1.00004
1.00384
1.00396
0.998952
0.998656
0.999149
0.996978
0.993672
0.998385
1.00061
0.99725
0.999988
0.997422
1.00658
0.998557
0.999569
0.997546
1.00189
1.00065
1.00152
1.00093
1.00342
0.99377
1.00218
0.998952
0.99799
0.992364
0.993943
1.00078
0.999322
0.999742
0.999495
0.998434
0.995966
1.00307
0.995966
0.996287
1.00532
0.998804
0.996238
1.00537
0.997866
1.00051
1.0026
1.0032
0.99303
0.996953
0.999001
1.00132
1.00236
1.00083
1.00223
1.00423
1.00063
0.995868
1.00231
0.994387
1.00601
1.00137
1.00887
1.00142
0.994634
0.993252
0.998952
1.00021
0.997472
0.996263
1.00201
1.00458
0.996114
0.998261
1.00228
1.00497
0.998853
0.999692
0.995966
1.00337
1.00744
0.997398
1.00026
1.00105
1.00332
0.999297
1.00322
0.998286
0.995695
1.00978
1.00248
1.00275
1.00399
0.996509
0.996953
1.00362
1.00213
0.99831
0.996855
1.00248
1.00702
1.00115
0.998829
0.998878
0.993746
0.9991
1.00019
0.99683
0.999939
0.998853
1.00068
1.00401
0.999273
1.00574
1.00793
0.998138
0.995498
1.00216
0.992315
0.99572
1.00325
1.00105
1.00337
1.00053
0.998212
1.00408
0.999717
1.00105
1.00371
0.997077
0.993252
1.00246
1.00213
1.00169
0.995473
1.0011
0.990662
1.00329
0.999791
0.996756
0.998878
1.00258
0.998187
1.00159
0.998779
0.997447
0.99794
1.00088
0.996781
0.999495
1.0009
1.00332
0.997866
0.999396
0.996904
1.00083
0.995769
0.996879
1.00031
1.00011
0.997817
0.995868
1.00315
0.9991
1.00019
1.0031
0.995868
0.997891
0.997373
1.00371
1.00569
0.996682
0.991032
1.00366
0.995695
1.00228
1.00426
1.00122
0.998557
1.00707
0.999174
0.995621
1.00584
0.995276
1.00218
1.00065
1.0012
1.00179
0.997101
0.996016
0.999149
0.993474
1.0011
1.00142
0.998557
0.997891
1.00302
1.00048
0.999988
0.997817
0.995695
0.99831
1.00529
0.998779
0.992216
0.998878
0.998853
1.00223
0.998261
0.998187
1.00132
0.99345
0.99799
0.998927
0.998261
1.0031
0.997274
1.003
0.998286
0.991871
0.994634
1.00902
0.998755
1.00144
1.00606
0.997373
1.00223
1.00021
0.991377
1.00004
0.999643
0.999347
1.00576
0.999495
0.998927
0.994215
1.00635
1.00132
0.998385
1.00492
1.00075
0.993795
1.0009
1.00251
0.999914
1.00243
1.00334
1.00019
1.00371
1.00184
0.992265
1.00394
0.998508
0.996114
1.00305
0.999495
0.992586
0.999791
1.00524
0.998829
1.0029
0.99799
1.00162
1.0067
0.999421
1.00144
1.00112
0.99984
1.00142
0.997644
1.00534
1.00065
0.994659
0.996509
1.00418
1.00611
0.994807
0.998261
1.00475
0.998286
0.997965
0.998681
1.00322
0.998952
1.00714
1.00157
0.998779
1.00411
1.00223
0.999001
1.00423
0.995473
0.999865
1.0046
0.995029
1.00391
0.996263
0.995103
1.00455
1.00061
0.995695
0.998607
1.00332
0.998705
0.995892
0.999223
1.00024
1.00164
0.994979
1.00115
0.996287
1.00048
0.996559
0.997472
1.00354
1.00238
0.997027
0.995572
0.999026
1.00288
1.00258
0.999322
0.99155
1.00209
0.997422
1.00001
1.00944
0.996781
1.0088
1.00132
0.997866
0.998335
0.990464
0.998878
0.997842
1.00729
1.00058
0.994634
1.00618
0.997126
1.00127
1.00448
0.998261
0.994017
0.997694
0.993326
0.99873
0.997052
1.00606
0.996756
1.00835
1.0007
0.99155
0.998187
1.00046
1.00233
0.997496
0.996879
0.998508
1.00685
0.997052
0.993622
0.992463
1.00255
1.00648
0.992808
1.00021
1.00073
1.00421
0.999668
1.00248
0.998286
1.00347
0.997842
0.999051
0.992043
0.996189
0.995276
0.999939
0.997718
0.995991
0.996633
0.99572
1.00201
1.00019
0.998459
1.00026
0.998212
0.999273
0.998286
1.00519
1.00213
0.998212
0.994856
0.999421
0.988219
1.00189
1.00243
1.00455
1.00788
0.996312
1.00475
1.00574
0.995103
1.00263
0.997965
0.996065
0.994659
0.995522
1.00406
0.995744
0.999322
0.999717
1.00194
0.997768
1.00206
0.997151
0.998755
0.99947
1.00663
1.00009
1.00216
1.00152
0.994856
1.00139
0.999075
1.00325
0.993302
1.00139
0.992019
1.00038
1.00705
0.997817
0.998804
0.997077
1.00046
1.0007
0.989995
0.99831
1.00157
1.00292
0.9953
1.0065
0.997546
0.995128
1.00014
1.00394
0.996855
1.00371
1.00579
1.0007
1.00112
