1.00917
1.0141
1.01262
0.989428
0.997324
0.999791
0.996337
0.999791
0.973636
0.984987
1.00423
0.99683
0.993376
1.02002
0.979558
0.982519
1.01361
0.997324
0.977584
1.00325
1.01065
1.03433
0.960313
1.02298
0.993869
1.02496
0.987454
1.02595
1.01361
0.992882
0.992389
0.994856
0.965741
1.04272
0.997324
1.01114
1.0141
1.03483
1.01756
0.972156
0.99683
0.991402
0.98548
0.994856
0.990908
0.978078
0.987454
1.0141
0.997324
0.984987
0.963273
1.01262
0.983013
0.986467
1.00818
1.00966
0.983506
1.02298
0.99831
0.993869
1.00522
1.00423
1.05407
1.00028
1.01361
0.990908
0.966234
0.993869
1.00423
1.00374
1.00275
0.983013
0.992389
0.987947
0.996337
1.02891
1.03384
1.00621
0.988441
0.984493
0.990908
1.022
0.984
1.01114
1.00917
1.00769
0.99831
1.00028
0.992882
0.993869
1.00867
0.988441
1.0146
1.02496
0.996337
0.979558
1.01558
0.992882
1.00325
1.0215
0.980052
1.00325
1.00769
0.986467
0.96278
1.00719
1.01854
1.01114
1.00966
0.981039
1.01163
1.00028
0.983013
0.993376
1.0067
0.998804
0.980052
0.983013
1.0215
1.02101
0.995843
1.0373
1.01854
0.994856
1.02446
1.00078
1.00473
0.97265
0.984
0.989921
1.02002
1.01608
0.990415
1.01015
0.980545
0.989921
1.02298
1.02545
0.990415
1.00621
1.03187
0.982519
1.03187
1.02101
1.02101
0.994856
0.987454
1.01262
1.00522
1.01558
1.00028
1.00127
0.994856
1.02101
1.03828
0.975117
1.00818
1.01262
1.02101
1.03384
1.00719
0.99683
1.00374
0.963767
0.968702
1.01756
0.989428
1.00275
1.01756
0.990415
0.984987
0.995843
1.00127
0.982026
1.00917
0.981039
1.00374
0.99831
0.981532
1.01706
1.00325
0.987947
1.00769
0.973143
0.991895
0.988441
1.00275
1.00423
1.00423
0.984987
1.00571
1.00028
1.00621
0.992882
0.983506
1.00226
1.0146
1.01657
0.969195
0.97413
1.02743
0.982026
0.988934
0.989428
0.997324
0.976104
1.01163
0.999297
0.997324
1.00621
0.983013
0.959819
0.993376
0.998804
1.00473
1.01015
0.993869
1.04667
0.990415
0.999791
1.02595
1.02446
1.0067
0.981039
1.01756
1.01065
1.01558
0.975117
1.00769
0.988441
1.0141
1.01213
1.00127
0.984
1.00078
0.991895
1.02743
0.955871
0.969689
1.01311
1.00719
1.0067
1.01904
1.00176
1.02595
1.00769
0.992882
0.997817
1.02249
1.00818
1.00423
1.00275
1.00719
1.01114
0.980545
0.990415
1.01558
1.01361
0.987947
1.01904
0.983506
0.991402
0.999297
1.0215
0.977091
0.999297
1.00078
0.996337
1.02841
1.00078
1.01509
0.995843
0.995843
0.983506
0.999791
0.985973
1.01065
1.00818
0.979065
1.03088
1.00127
0.975117
0.997817
1.00621
1.01361
1.0146
1.02644
1.00917
0.991895
0.986467
1.01163
1.01509
1.00917
1.01213
0.999297
0.993376
1.00818
0.978571
1.01311
1.01163
1.01163
0.997817
0.984493
0.999791
1.022
0.974623
1.00176
1.01706
0.970676
1.01904
1.00621
1.00966
0.977584
0.987454
0.983506
0.992882
0.997324
1.01756
0.988441
1.01065
0.997817
1.00374
0.984987
0.980545
1.01015
0.989428
1.02496
1.00374
0.978078
1.01114
1.01163
1.00226
0.990908
0.994856
0.966234
1.00176
1.02496
0.987454
1.02249
0.985973
0.975117
0.980052
1.04026
0.988441
0.978078
1.0141
0.983506
0.970182
0.999791
0.98548
1.01015
1.0215
0.987947
1.0067
0.989428
0.979065
1.03236
1.01114
0.982026
1.01015
1.01657
0.987454
0.990908
0.976104
0.98696
0.97561
1.00818
0.971169
1.01163
0.98548
1.02446
1.00176
1.0067
1.02644
0.987947
1.00473
0.998804
0.994363
1.00127
1.02496
0.99535
0.983013
0.988934
0.994363
0.985973
0.97561
0.98696
0.999791
0.99683
0.979558
1.01854
1.03137
0.997817
1.0215
1.00966
1.00769
1.02249
0.977091
1.04026
0.987947
1.00028
1.00966
1.00867
0.965741
0.979065
1.00423
0.989921
0.972156
1.02298
0.997324
1.01657
1.01805
1.00867
0.982519
0.993869
0.98548
1.00325
1.02101
1.00522
1.00571
0.999297
1.01163
0.973143
0.989428
1.00522
0.999297
0.987454
1.01509
0.967221
0.990415
1.022
0.992389
0.994856
0.997324
0.971169
0.965741
1.02496
0.99831
1.01163
0.99535
0.983013
1.01311
0.980545
1.01805
1.0146
1.00325
1.00127
0.989428
0.950936
0.988441
1.00423
1.00769
1.00078
1.0215
1.01854
1.00275
1.0294
1.01163
1.00275
1.02841
1.00275
1.00325
0.96426
1.00028
1.03039
0.99535
1.0067
0.981039
1.0141
0.977091
1.0146
0.997324
1.0067
0.97561
1.00325
1.01854
0.984987
1.01311
1.03433
1.02249
1.00621
0.994856
1.01015
0.991402
1.00473
0.98548
1.0146
0.99831
0.992882
1.00769
0.99831
0.994363
1.01114
0.996337
0.991895
1.02595
0.988441
1.01657
1.01213
0.979065
0.999791
0.984987
1.03236
1.01213
1.00078
1.00818
1.02743
1.00621
0.990415
1.03137
1.00078
0.990415
1.00473
0.967221
1.04026
1.02298
0.98548
1.00374
1.0141
0.988441
0.99683
0.997817
1.01805
0.992882
0.984493
1.04075
0.993869
1.01213
0.989428
1.00078
1.01213
0.989921
0.983013
0.971663
0.994856
1.02348
0.985973
0.970182
0.991895
0.978571
1.02792
1.01015
0.978571
0.996337
0.992389
1.03335
1.02101
0.992882
0.985973
1.00473
0.991895
1.0141
1.02397
0.991895
1.01065
1.00719
1.00176
1.01065
0.984493
1.00078
1.00867
0.99831
0.982519
1.01854
0.988934
0.97561
1.00275
0.983013
1.02298
1.00028
0.979065
1.00818
0.996337
0.996337
1.00127
1.01163
1.01311
0.989428
1.00325
0.990908
0.97413
0.98548
1.01262
0.992882
0.987454
1.00818
1.01657
1.00571
1.0141
1.00719
1.00423
1.02446
1.00917
0.994363
1.01163
0.988934
0.984987
0.982026
0.984987
1.01509
1.0067
0.976104
0.988934
0.975117
0.978078
1.01904
0.994856
1.00127
1.00374
0.994363
1.01311
0.99683
1.02792
1.00423
1.02052
0.993376
1.02397
0.976597
1.00127
0.984
0.993869
1.00423
1.0141
0.991402
0.986467
1.00818
1.02595
0.972156
1.01015
0.97561
1.00078
0.995843
1.00275
0.981532
1.01904
0.978571
1.00374
0.978078
0.991895
0.999791
1.00325
0.987947
0.989921
1.01065
1.00769
0.982026
0.991895
1.00621
0.989428
1.00078
1.00028
0.970676
0.996337
1.03285
1.00325
0.999791
1.0294
0.98548
1.02052
1.01213
0.995843
0.974623
1.022
0.999791
0.991402
1.00867
1.00867
0.988934
1.01114
1.01756
1.00275
1.01361
0.986467
0.955378
0.992882
0.957352
0.99831
1.00571
1.01756
1.00423
1.01657
0.983506
1.0067
0.99831
1.00423
0.985973
0.984
1.00621
0.965741
1.00078
1.01163
1.00226
0.968702
0.997324
1.00571
0.995843
0.992882
1.00176
0.996337
0.971663
0.967715
1.03137
1.03779
1.01114
0.996337
0.987454
1.01065
0.97561
0.983013
0.979065
1.01213
1.01854
0.975117
1.02002
0.995843
0.985973
1.02446
1.03039
0.99683
1.01015
1.01065
1.02101
0.986467
1.03335
0.978078
1.02743
0.95291
0.966234
0.98696
1.03039
1.01509
1.0141
1.00917
0.967715
1.03384
1.02298
0.996337
1.0447
0.968702
1.02989
0.976597
0.994363
1.00423
0.980545
1.02841
1.02545
1.00127
0.985973
0.989921
1.0146
0.989428
0.991402
1.00176
0.995843
0.99683
1.01756
0.987947
0.971169
0.982519
1.00522
1.03631
1.00621
0.997817
1.03285
1.00473
0.993376
0.992389
0.993869
0.990415
0.99831
1.00325
1.00423
0.976597
0.997324
1.00275
0.977091
0.994856
0.98548
0.98696
1.00867
0.976104
1.01065
0.978571
0.975117
0.965741
1.00226
1.01311
1.02792
0.995843
1.00473
0.979558
1.0215
1.00966
0.969689
1.00028
1.00818
0.976104
1.00818
1.022
0.993869
1.00818
1.03631
1.00769
0.992882
0.970182
1.00423
1.01805
0.98696
1.0146
0.997817
1.02891
1.01065
0.990415
0.984493
0.996337
0.984493
0.996337
1.00571
1.00473
0.993376
0.979558
1.01163
1.01854
0.988934
1.00571
1.0067
0.993376
1.01114
1.00423
0.989921
0.992389
1.02002
0.989428
1.02298
0.992882
1.02446
0.97561
0.966728
1.01953
0.99535
0.958339
1.00374
1.03335
1.02052
0.989428
0.989921
0.990415
0.978571
1.00917
0.984987
1.00867
0.968702
1.0141
0.996337
0.984493
1.02595
0.997324
0.989428
1.01953
0.999297
0.99831
1.00374
0.997324
1.00423
0.998804
1.02052
0.989428
1.00719
0.980052
1.00818
0.99831
1.00621
0.98696
0.968208
0.998804
0.983506
0.955871
0.988441
0.997817
1.00719
0.977584
0.980545
0.989921
0.990415
0.984987
0.990415
1.00423
1.0067
0.977584
1.01262
1.01163
0.996337
0.99683
0.99535
0.966728
1.01065
1.01213
1.00917
0.998804
0.987947
0.995843
0.999791
0.999791
0.992882
0.986467
1.01015
1.00028
0.973636
0.982026
1.02595
0.99683
1.00374
1.02397
1.00571
0.973636
1.00966
0.994363
1.02891
0.997817
0.967715
1.00571
1.00325
1.01065
1.00226
0.997817
0.999791
0.989428
1.00423
0.99831
1.02052
0.995843
1.0294
1.00719
0.981039
0.994363
1.01904
0.971169
0.991402
1.00275
0.998804
1.01311
0.991895
0.990908
0.999297
1.01311
0.983506
0.991402
0.984
0.984493
1.03384
0.994856
1.0215
1.01509
0.980545
1.00078
1.00374
1.01706
0.99831
0.985973
0.978571
0.979558
1.00028
1.0215
1.01953
0.997324
1.03433
0.991402
1.01854
1.0146
1.02052
0.983013
1.00769
1.00127
0.984987
1.01163
1.01805
0.968702
0.999791
0.99535
1.01065
0.993376
1.01114
0.976104
1.00867
0.990415
0.977091
0.99535
0.984493
0.97265
1.00966
0.973143
0.971663
0.982519
0.977584
0.98548
1.00127
1.01114
0.97265
0.99831
0.97561
1.0146
0.999297
0.98548
1.03483
0.981532
0.976597
1.02298
1.00473
1.00966
0.989921
0.974623
0.989428
0.989921
0.99683
1.00423
1.0067
0.997324
0.983506
1.02446
0.992389
0.977091
1.01904
1.00127
0.975117
1.00028
0.992389
1.00966
1.0067
0.960806
1.03532
1.03483
0.997324
0.987947
1.00473
0.971169
0.997324
1.00423
1.01262
0.99535
0.983506
1.01015
0.99535
0.98696
1.01657
1.01854
0.992389
1.02496
1.01065
0.993376
0.995843
1.00818
1.02397
0.986467
0.99535
1.01262
1.00078
0.994856
0.984987
1.02052
0.98696
0.981039
1.00818
0.989428
1.03335
0.97413
1.01805
1.01015
0.986467
1.01361
0.98696
0.971169
0.988441
1.00621
0.993869
0.991895
1.01805
1.03039
0.980545
1.00966
1.00374
0.970676
1.0146
0.99831
1.01311
1.01262
0.981532
0.960313
0.976597
0.974623
1.02002
0.993376
0.967221
1.01706
0.993376
0.998804
1.0067
0.996337
1.01311
0.964754
1.02101
1.0294
1.0067
0.983506
0.990415
0.997817
0.985973
0.992882
0.999297
0.988934
0.99683
1.00423
1.00719
1.01015
1.00374
1.00719
0.997324
1.00719
1.01262
1.00226
0.997324
0.961299
0.991895
0.978571
1.00374
1.0294
1.00571
1.02693
1.00571
0.999791
1.03483
1.03532
1.02743
1.00176
1.0215
0.995843
0.997817
1.01163
0.999791
0.991402
0.999791
0.976597
0.979065
0.98696
1.04618
0.992882
1.00374
0.994856
1.0067
0.994363
0.999791
1.01756
0.98696
1.0146
0.99831
0.99683
1.00769
0.959819
1.03088
0.993376
0.972156
1.02002
1.00769
1.01213
0.994363
1.00226
0.99831
0.991402
0.998804
1.00374
1.00769
1.02348
1.00176
1.00621
1.02249
1.00078
0.954391
1.01509
0.982519
0.994363
0.984987
1.01213
1.03187
0.97561
0.97413
0.97561
0.999297
1.04124
0.97561
1.00818
1.02052
1.00769
0.98696
0.96426
1.0146
0.996337
1.01311
0.990415
1.00176
0.996337
0.979558
0.992389
1.00473
1.01854
1.01213
1.01213
0.992389
0.971663
1.00127
1.00917
0.967221
0.980545
0.992882
0.994856
1.04568
1.00719
0.993869
0.993376
1.00078
1.00176
1.02989
1.01311
1.02101
0.985973
1.01213
0.970182
0.97561
0.999791
1.03384
1.0146
1.01706
1.02397
1.01706
1.00078
0.981532
0.97561
0.977091
1.02101
1.0067
1.01311
0.99535
1.00423
1.02446
0.977584
1.02595
0.982519
1.01213
1.01361
0.957352
1.00028
0.971169
1.00078
0.981039
1.02052
1.00719
0.998804
0.99831
1.00078
0.982026
0.977091
1.00325
1.00522
1.01904
0.991895
0.957352
1.03532
1.00325
1.01065
1.02298
1.00028
1.01311
0.990908
1.00325
1.01509
0.989921
1.01706
0.981039
0.995843
0.983013
0.983506
0.97561
0.980052
0.99831
0.974623
1.01558
0.999297
0.997817
1.02891
1.00127
1.00473
1.02792
1.00818
1.03483
1.00176
0.982026
1.00176
1.00028
0.979065
1.00325
0.983506
0.980545
1.01213
0.996337
0.993869
0.99683
0.972156
0.967221
1.00917
1.0294
0.989921
1.00028
1.0141
1.00226
0.99535
1.02545
0.98696
0.99535
0.987947
0.997324
1.02348
1.01608
1.00867
0.994363
1.02002
0.97413
0.967221
0.99535
0.956365
0.968208
0.976597
1.02989
0.99831
0.999791
0.985973
1.02446
0.984987
0.983506
1.01608
1.01805
1.00028
0.959819
0.973143
0.995843
0.994363
1.00473
1.02101
0.976597
0.998804
0.997324
0.978078
1.00917
0.990415
0.99683
0.98696
1.00078
0.999297
1.02891
1.00226
1.02595
0.987947
1.00226
1.00176
1.00275
1.01015
0.986467
0.984493
0.991402
0.960806
0.98696
1.02002
1.00176
0.98548
0.99683
0.975117
1.01558
1.01657
0.978078
1.00374
1.00226
0.994856
1.01953
0.997817
1.03187
1.0067
1.00818
0.959819
0.97561
1.02891
1.00571
0.990415
1.00127
1.00867
1.0067
0.990908
1.00966
0.991402
0.995843
1.01756
0.967221
1.01904
0.991402
0.984493
0.973636
0.989428
0.997324
1.00966
1.02101
0.989921
0.994363
0.971663
0.999297
0.985973
0.972156
0.994856
0.98548
0.99535
1.00571
1.00917
1.022
0.968208
1.02644
1.01262
1.00325
0.997817
0.984
0.984987
1.00028
0.986467
1.01854
0.99535
1.0141
1.01805
0.973636
1.02841
1.02397
1.0141
1.00571
0.99831
1.00621
1.00966
1.01608
0.992389
1.02052
0.980545
0.985973
0.993869
0.959819
0.99535
0.986467
1.00325
0.990908
0.998804
1.00423
0.988934
0.985973
1.03039
0.984493
0.997324
1.00966
0.981039
1.00078
1.02397
0.991895
0.981532
1.00374
1.0146
0.991402
0.995843
0.970676
0.98548
1.00374
0.969195
1.00719
1.05555
0.97561
1.01756
0.983506
0.999297
1.00818
0.996337
0.980052
0.99831
1.02446
1.02052
0.997817
1.0067
0.973143
0.998804
0.974623
0.995843
0.958339
0.976104
1.00719
1.00374
0.994856
0.966234
1.02249
0.984
1.01509
1.03137
1.022
1.00374
0.990908
0.991895
1.00275
1.02792
1.01015
0.966234
0.99831
0.997324
0.995843
0.984493
0.99535
0.963767
1.00423
0.989428
1.01657
1.01657
1.00078
1.00522
1.00769
1.0373
0.993869
0.990415
0.98696
1.01608
1.00226
0.997324
0.97265
0.998804
0.99535
0.992882
0.973143
0.995843
0.969195
1.01657
1.01361
1.00127
0.978571
1.04519
1.00127
1.00078
0.972156
1.03236
1.02298
1.01706
0.997817
0.979558
0.987947
0.999791
0.965247
0.985973
1.01114
0.997817
1.01065
1.00325
1.00571
0.993869
0.99831
1.022
1.00917
1.00374
0.994856
0.990415
0.991895
0.986467
1.01904
1.02397
0.997817
0.995843
1.01558
0.989428
0.971169
1.01509
1.00028
0.99831
1.00867
0.992389
0.99831
0.990415
1.00275
1.02298
0.997817
0.997817
1.00078
0.971663
0.992882
0.974623
0.98548
0.986467
1.00325
1.02052
0.965247
1.022
1.01311
0.991402
1.02101
1.00621
0.99683
1.00571
1.00226
0.994856
0.985973
0.994363
0.988934
0.992882
0.990415
0.973636
0.999791
0.987947
0.997324
0.96426
1.02446
0.994856
1.02792
1.00473
1.00522
0.977091
0.989428
0.970182
0.987947
1.00078
1.01262
1.00127
0.989428
0.980052
1.02841
0.990415
0.98548
1.00226
1.00917
0.993869
0.989428
0.993869
1.00127
0.963767
0.997817
0.991402
0.988441
1.01163
0.984987
1.01608
0.999791
1.00917
0.998804
0.986467
1.01114
0.99535
1.00522
1.0215
1.01015
1.00621
0.995843
1.00127
0.981039
1.00867
1.00966
1.00423
0.990908
0.983013
1.0141
1.00176
1.02002
1.01015
1.01904
1.02002
0.994363
0.977584
0.996337
1.03878
1.00867
0.990415
1.03581
1.01509
0.984987
0.993869
0.967715
0.993869
1.00176
1.01854
0.98548
0.990415
1.01065
0.976104
1.01262
1.01805
0.99683
1.0215
1.02249
0.985973
1.01805
0.969689
0.97413
1.01509
0.978078
1.01361
0.99831
1.00275
1.00325
1.01854
1.00867
0.990415
0.965247
1.00374
0.997817
0.979558
0.990908
0.999791
1.0146
0.99831
1.00325
1.00423
1.02693
1.00473
0.978078
1.03828
1.01558
1.0368
1.00867
0.984987
1.01558
0.979558
1.0141
1.00226
0.972156
1.00127
1.01163
1.01509
1.0067
1.00226
0.997324
1.0146
0.981532
0.98696
0.994856
1.01163
0.990415
1.02101
0.98696
0.999297
0.97265
1.00325
0.981039
0.986467
1.01311
0.977584
0.992882
0.994856
1.01213
0.993376
0.999297
1.00769
0.969689
1.00176
1.00028
0.998804
0.968208
1.04223
0.987947
0.989921
1.0141
0.991895
0.982519
1.022
1.01953
0.96426
0.973636
1.00028
1.02101
1.00473
1.03335
1.01114
1.00621
1.0521
1.00325
0.989921
1.00423
0.973143
0.997817
1.00226
0.985973
0.996337
1.01509
0.973636
0.988934
1.00423
1.00867
0.992882
0.978078
0.985973
1.01608
1.01904
0.988934
1.01262
0.963273
0.991402
0.954884
0.960313
0.990415
1.0067
1.00719
0.965247
0.96426
1.00522
0.996337
1.0067
1.02595
0.97413
1.01213
1.02446
1.00473
1.03137
1.0067
1.02249
0.995843
0.977091
0.981039
1.02249
1.00325
0.988441
1.00571
0.989921
0.944521
0.990908
1.0141
0.999791
0.955871
1.00917
1.00374
1.00374
0.980545
1.00719
1.01953
1.00719
1.00818
0.967221
0.988441
1.00423
1.00571
0.999297
1.00226
0.99683
0.998804
0.965247
0.994363
1.02693
1.00127
0.997817
1.00818
1.01558
0.965741
0.998804
1.00423
0.990908
1.00374
0.981532
1.05013
0.984987
0.997324
1.00867
0.990415
1.00127
1.00028
1.022
1.02644
0.992882
1.0146
1.01558
1.00867
1.00325
1.01015
0.982026
1.00522
0.969195
0.994856
1.00719
0.999297
1.01015
1.02644
1.00769
1.00522
1.01509
1.02002
0.987454
1.00966
0.991402
1.00769
0.992389
1.00769
1.022
1.00226
1.00818
0.969195
1.01854
1.01361
0.973636
0.98696
0.993869
0.993869
1.05506
0.989428
1.00176
1.01361
1.02693
1.01015
1.01163
1.02989
0.997817
1.01657
0.991895
1.03137
0.987454
0.999297
0.965247
1.00473
1.00571
0.987454
0.973636
0.989921
1.01608
0.993376
0.976104
1.01706
0.984493
1.02298
1.03285
0.984
0.994363
1.01361
1.00473
1.00226
1.02644
0.990415
1.02348
1.01558
0.972156
1.00571
1.00719
0.97265
0.984
0.985973
1.00719
0.996337
0.99831
0.969195
0.984987
0.992389
0.965741
1.01756
0.976597
1.00078
1.01065
1.02348
1.00374
1.01015
0.995843
1.00127
1.01262
1.01213
0.99831
1.0373
1.02249
0.980545
1.03532
1.01163
1.02397
1.03236
1.00275
1.03137
1.02052
0.97413
1.00176
1.01311
0.989428
0.979065
1.00374
0.984987
1.0146
0.988441
1.0067
1.02743
1.02249
1.00473
1.0067
0.983013
0.985973
0.999791
0.990415
0.995843
0.976597
0.996337
0.987454
1.03878
0.982519
0.993869
0.978571
1.03187
0.971663
0.998804
1.00818
0.993376
0.966234
0.978571
1.01509
1.03187
0.98548
0.992389
0.967221
1.01114
0.999791
0.979065
1.03384
1.00028
0.989428
1.03384
0.988934
1.02644
0.971663
1.01854
1.01163
0.953897
0.990415
1.03088
0.997324
1.00078
0.997324
0.990908
1.00818
1.00423
1.00275
1.05062
1.02002
1.02249
0.983506
0.999297
0.989428
0.979558
1.01311
1.02644
1.01065
1.00867
0.987947
1.03927
0.999297
0.993869
0.98548
0.986467
0.992882
1.03779
0.987454
0.99535
0.991402
0.990415
0.981532
0.95291
0.995843
1.00769
1.0146
1.02644
0.986467
1.04618
0.989428
1.01015
1.02052
1.01262
1.01015
0.999297
1.00275
0.97265
0.995843
0.988934
0.984987
0.958832
0.989428
1.00473
0.962286
0.987947
0.989428
0.991402
1.02101
0.988934
0.976104
1.01361
0.981532
0.977584
0.993869
0.978078
1.02052
0.986467
0.967715
1.00423
0.979065
1.01015
1.02101
1.00473
0.988934
1.01065
1.00127
1.02496
1.01657
0.989428
1.00127
1.02298
0.993376
1.01213
1.01015
1.00867
0.984
0.988934
1.00621
1.01953
0.96278
0.970182
1.01805
0.989428
0.992882
0.99831
1.00966
1.00571
0.994856
1.01756
1.02841
0.998804
1.00028
0.999791
0.989428
1.00423
0.970676
0.992389
0.982519
1.03828
0.998804
1.01756
1.01558
1.02446
1.0067
1.01114
1.02002
1.00226
1.0146
0.992389
0.99535
0.976104
1.0146
0.981039
0.983013
1.0141
0.996337
1.00917
0.980545
1.01608
1.00226
1.00226
1.02002
0.970182
1.00275
1.04075
0.994856
1.00226
0.962286
0.97413
0.971663
1.01065
1.01311
1.0215
1.00522
1.00769
0.997324
0.99535
1.00917
0.983506
0.992882
1.02743
1.00621
0.991402
0.971663
1.01854
0.999297
0.994363
0.979558
1.0067
1.00078
1.01756
0.992389
0.974623
1.00571
0.993376
1.05753
1.0067
0.988934
1.0067
0.999297
1.01509
1.01361
0.975117
0.97413
0.989921
0.984987
1.02792
0.971663
1.0141
0.990908
0.984987
0.994363
1.00226
1.00621
0.99831
1.01805
0.989428
1.01756
0.981039
1.0146
1.02002
1.00078
0.979558
1.00374
0.989428
0.99831
0.979065
0.990908
0.988441
0.999791
0.990908
0.994856
1.0141
0.994363
1.00423
0.981532
1.00769
1.00719
1.01558
0.997817
1.01114
1.00275
1.00325
1.01065
1.01015
0.992389
1.00867
0.988934
1.00226
0.992389
0.996337
1.00719
0.988934
1.01509
0.968702
1.02743
0.988934
1.00423
0.972156
0.988934
0.974623
1.00867
0.960806
0.976104
0.995843
0.993869
1.01706
1.00078
0.998804
0.999791
0.984493
0.987454
1.00028
1.00719
0.989428
1.04174
0.984493
0.987947
1.02644
1.02792
0.98696
0.99535
1.03631
1.00473
0.999791
1.01065
1.00522
1.00621
1.00275
0.992882
0.980545
1.02841
1.02545
1.01213
1.04223
1.02101
1.00078
1.02249
0.96278
0.989428
1.00719
0.989428
1.01361
1.02101
1.00473
1.02101
1.00522
1.02545
0.957352
1.01311
1.03236
0.98548
0.982026
0.988934
0.981039
1.01608
0.979065
1.00818
1.03483
1.01509
0.978078
0.978078
0.998804
0.992389
1.00571
0.993376
0.989921
1.03088
0.994363
1.00719
1.01311
0.994363
1.02545
0.978571
1.00423
1.00176
1.022
0.982026
0.998804
1.01953
1.00571
0.989921
0.997324
0.978078
1.00423
1.02545
0.997324
1.02298
1.01065
0.986467
0.991402
1.02348
1.00571
1.00473
1.00423
1.0141
1.00275
0.984493
0.986467
0.986467
1.01015
0.988441
1.00078
1.00719
1.01015
1.01904
0.985973
0.991895
1.03039
1.01608
1.00374
1.0141
0.991895
1.01361
1.02348
1.00966
0.991402
0.983506
1.00917
1.03236
0.990415
0.982026
0.992882
0.990415
1.01163
1.01163
0.989428
0.99683
1.03088
0.99535
1.0146
1.01114
1.01657
0.99683
0.997324
1.00719
0.991895
1.02052
1.00818
1.01065
0.999297
0.992389
1.00571
0.966234
0.985973
0.994363
0.983013
1.01114
0.959819
0.961793
0.991895
1.01114
0.993869
0.99683
0.998804
0.993376
0.987454
1.00028
1.01065
1.02545
0.950936
1.00127
1.01756
0.997817
1.00423
0.996337
0.979065
1.00917
0.985973
0.979065
0.991895
0.993376
1.00275
0.986467
0.998804
0.97265
1.00522
0.989428
1.00127
0.998804
1.01213
1.00571
0.96426
1.03878
0.976104
1.0368
1.00917
0.983506
0.991895
1.00325
0.978078
1.00769
0.957352
0.99683
0.989921
0.96426
0.974623
1.01953
1.00374
1.00769
1.02496
0.98548
0.987947
0.990415
0.992882
0.983013
1.00571
1.0294
0.995843
1.01311
1.02644
0.97265
1.02496
1.00917
1.01311
1.01558
1.00621
0.982519
0.984987
1.02693
1.00028
1.00818
0.969689
0.999297
1.00522
0.990415
1.01558
0.992389
0.991402
0.988934
1.01262
1.00423
0.990415
1.03581
0.97413
0.993869
0.997324
0.982026
0.982519
0.997324
0.989428
0.989921
0.990415
1.00571
1.00769
1.0141
0.996337
1.01657
0.99535
0.989921
0.979558
0.987947
1.02052
0.971169
1.01015
0.986467
0.969689
0.986467
0.998804
1.01657
0.981532
1.03285
0.994363
0.993869
0.990908
0.979065
0.993869
1.02595
0.991402
0.973143
0.966728
1.02595
0.98548
0.977584
0.995843
1.00571
0.981039
1.01015
1.00818
1.01558
1.02446
1.00078
1.03384
1.00028
0.999297
0.989921
0.994856
0.987454
1.0067
1.00127
1.02052
1.00374
1.00571
0.994856
0.990415
1.00473
1.02052
0.990415
0.991402
1.01213
0.984987
1.01805
0.988934
1.03878
1.00818
0.984
0.99535
1.00423
0.984
1.00966
1.01361
1.00226
1.01262
1.00719
0.99535
1.01805
0.991895
1.00127
0.995843
0.99831
0.99831
1.00078
0.989921
1.00719
0.969689
0.984987
1.00028
1.00473
1.00966
0.945508
0.973636
1.02298
0.998804
0.990908
0.982519
0.994856
0.982519
1.03384
0.994363
0.987454
0.989428
0.973636
1.01065
0.984493
0.976597
1.00966
0.980545
1.00867
0.97561
1.00818
0.970676
0.982026
1.01509
1.01213
1.02052
0.976104
1.00621
0.972156
1.00028
1.00769
0.98548
1.0146
0.980545
1.01213
1.01163
1.00966
1.01311
0.995843
1.00374
0.999791
1.01756
0.991402
0.986467
1.05309
1.01163
1.00522
1.00473
1.01756
0.993869
0.994363
1.0146
1.01657
1.00423
0.993869
1.03433
0.958832
1.00621
1.00473
1.00818
1.01608
1.01854
1.022
0.971663
0.991895
1.00226
0.993376
0.987454
1.01015
1.01213
0.979558
0.977091
1.00374
1.00621
1.0141
0.987947
1.00078
1.00867
0.987947
1.01953
1.00176
0.990908
0.978078
0.989921
0.981039
1.01163
0.99683
0.994856
1.00769
0.98548
1.00374
1.0141
0.991895
0.981039
1.0215
1.01065
1.02348
0.988441
0.993869
1.00719
0.987947
1.01608
0.961793
1.00719
0.979065
0.988441
0.973143
1.03187
1.0368
1.00867
1.02397
1.01854
0.984493
1.01706
0.984
1.00275
0.997324
1.01015
1.00769
1.0067
1.00621
0.99535
0.980052
1.04124
1.00127
1.00078
1.01213
0.985973
1.00078
0.983506
0.98696
0.979558
1.02496
0.994856
1.00374
0.975117
1.00621
1.00078
0.991895
1.01953
0.979065
0.993869
1.00078
0.990415
0.993869
0.998804
0.984
1.01953
0.990908
0.963767
1.01213
0.966234
1.00325
0.985973
1.02052
0.997817
0.992882
0.989921
1.00818
1.00374
1.00917
0.992389
1.05358
1.0067
1.00571
1.02644
0.989428
0.987947
0.968208
0.984493
1.01805
1.00473
1.0067
1.00522
0.968208
1.00127
1.00769
0.97265
0.984987
1.02298
0.98548
1.01904
1.00621
1.00917
1.00522
1.04322
1.00325
0.998804
1.00571
0.998804
1.0447
1.01706
1.00473
0.988934
0.981532
1.00473
0.983013
0.980052
1.00226
0.980545
0.990415
0.990415
1.00719
1.00473
1.03581
1.01608
0.983506
1.02496
0.991402
0.988441
1.00867
1.01756
1.00028
0.990415
0.990415
0.987454
1.01163
0.985973
1.01262
1.00966
0.977091
0.977584
1.00867
0.992389
0.989921
0.995843
0.986467
0.976597
0.979065
1.00571
0.99535
0.988441
1.01854
1.00769
0.986467
0.987947
1.01311
0.998804
1.00127
0.99831
0.986467
1.00818
0.997817
0.989428
0.981039
1.01114
1.01361
1.02693
0.98548
1.0373
1.00769
1.0141
1.01213
1.00226
0.98548
0.99535
0.987947
1.02693
1.03335
0.98548
0.988934
0.990908
0.961299
1.00473
0.996337
1.00522
1.01509
1.00275
0.982519
1.01361
0.984987
0.969689
0.991402
1.00818
0.984
1.00176
1.01163
0.98548
1.00176
1.00966
0.992882
1.01311
0.993869
1.03236
1.01163
1.00473
0.975117
1.00867
1.00571
0.979558
1.00078
1.01558
1.00917
0.956365
1.00176
0.997817
1.00473
0.988934
0.989921
0.977091
1.00028
0.991402
1.00571
1.0141
1.00374
0.963273
0.968702
0.980545
0.964754
0.969689
0.984493
0.984
0.97561
0.971169
0.98696
0.994363
1.01756
1.00571
1.00325
0.995843
0.969689
1.00275
1.01953
0.984987
0.981532
1.01311
0.957352
0.994856
0.959819
1.01953
1.02693
0.96278
1.02348
0.98548
1.00078
0.991402
1.01608
0.992389
0.977584
0.993376
1.02693
1.00423
1.03088
0.999297
1.01262
0.978078
1.02644
1.00374
1.00374
0.984493
1.03285
1.01361
0.969195
1.01361
1.02397
1.00473
0.976597
0.980545
1.01953
0.994856
0.988441
1.00423
1.00522
0.974623
0.981532
1.01904
1.02348
0.989428
1.022
0.990415
1.04223
1.01262
0.991402
1.01213
1.01262
0.987947
0.999297
0.987947
0.971663
1.02052
0.990415
0.995843
1.01213
1.00374
0.984
1.02743
0.988934
1.00769
0.99683
0.984987
0.967221
1.0368
0.998804
0.99683
1.00719
0.98696
0.971169
0.997817
0.990908
0.983506
1.02101
0.976104
0.966728
1.00473
1.00423
1.02841
1.03976
1.01262
0.994363
0.98696
0.99831
0.989921
0.999297
0.997817
0.989428
1.00522
1.00226
0.98548
1.01213
0.982519
0.979558
0.979065
1.02249
0.977091
1.03532
1.00325
0.984493
0.999791
1.00621
1.01953
1.00966
1.00867
0.997817
0.991895
0.991895
0.989428
0.980545
1.00078
1.00917
1.00917
1.00325
0.980545
1.00028
1.03088
0.99831
0.983506
1.0146
1.00571
0.982026
0.999297
0.993376
1.01015
0.994856
0.991895
1.01706
1.02891
0.97561
0.988934
0.994856
1.01854
0.997324
1.00423
1.00621
0.991402
1.00127
0.988441
0.984987
0.982519
1.00127
0.99831
1.00621
1.00473
0.984
1.00571
1.00473
0.973636
0.997817
0.98696
0.99535
1.00325
1.01953
1.01854
0.997324
1.02693
1.02891
0.977091
1.01953
0.968702
1.00966
0.984
0.98548
1.01904
0.989921
1.01361
1.01213
0.97265
1.00028
1.02841
0.981532
0.98696
1.01163
1.00374
1.00275
0.983506
1.00867
0.993869
1.00226
0.975117
1.00078
0.976104
0.976597
0.98696
0.978078
1.022
0.97413
1.02101
0.995843
0.982519
0.980052
0.989921
1.03384
0.984987
0.977091
1.022
0.976597
1.01854
0.983013
0.999791
1.04075
0.967715
1.00176
0.990415
1.00966
1.00423
1.01213
1.01114
1.00127
1.00769
1.02101
1.0141
1.00621
1.01904
1.01854
0.984987
0.989921
0.984493
0.983013
1.0067
1.00522
1.00176
0.99683
0.979558
0.975117
1.00325
1.01114
0.994856
1.01361
1.01213
0.956365
1.00325
0.990415
0.999791
1.00176
0.994363
1.00917
0.992389
1.0294
0.983506
1.01311
1.00423
0.994363
1.01904
1.02989
0.996337
0.993869
1.01163
0.980052
1.01213
0.988934
1.02397
1.01558
1.01657
0.984
0.969195
0.988441
1.00176
0.991402
1.03088
1.02743
1.00621
0.993869
0.979558
1.02693
0.988441
0.995843
0.996337
0.971663
0.979558
1.00769
1.01805
0.994856
1.00621
0.964754
1.00078
1.01361
0.978078
0.99535
1.00769
0.99831
0.988934
1.00571
1.01756
1.02101
1.00571
1.03236
0.99831
0.994363
0.984987
1.022
1.01953
0.999297
0.970676
0.976597
0.994363
0.997324
1.00769
1.00275
1.01213
0.99535
0.999791
0.977091
1.0141
1.02101
0.982519
1.00078
0.991402
1.00374
1.01558
0.997324
1.00571
1.00719
0.984987
0.983013
1.00374
0.990908
1.00818
1.01756
1.01262
1.01114
0.986467
1.00325
1.03285
0.96426
0.985973
1.02101
1.00917
0.983506
1.01805
0.966728
0.99831
1.0067
1.00423
1.00719
1.01311
0.983013
1.01854
0.993376
1.01015
1.01706
0.984493
1.01262
1.00621
1.00176
0.979558
1.01805
0.983506
0.989428
1.01065
0.984493
1.02595
1.01163
1.02348
0.996337
1.02052
0.972156
1.01065
1.0067
0.985973
0.993869
1.00275
0.977091
0.996337
0.996337
0.99831
0.981532
1.00028
0.982026
0.979065
1.00571
0.996337
1.00769
1.00522
1.02891
0.983506
0.987947
1.02644
0.987454
0.997324
1.01361
0.988441
0.99535
1.02002
0.988934
1.00127
1.00127
0.955378
0.996337
1.00917
0.988934
0.983506
1.00028
0.990908
0.992389
0.984493
0.993376
0.982026
1.00769
0.991402
1.01361
0.975117
0.982026
0.973636
1.00473
1.02496
0.993376
1.00818
1.01657
0.968702
1.01509
1.00966
0.964754
0.988441
1.02496
0.999297
0.997324
1.00423
1.02298
1.00818
0.975117
0.999791
1.00176
1.00374
0.997817
0.968702
0.993376
0.990908
1.01065
0.990908
1.02496
1.0146
1.02298
0.993376
1.00226
0.992389
1.01163
0.975117
1.02496
1.00621
0.956858
1.01311
0.997817
1.00917
0.991895
1.00917
1.01114
0.977584
0.975117
1.01213
1.02002
1.00621
0.992389
1.02348
0.99535
1.00719
0.999297
0.995843
1.00226
1.01015
1.01163
1.00325
1.01657
1.00078
1.0368
0.990415
1.01657
0.948469
0.990415
1.03828
0.983506
0.971169
1.01854
1.00226
1.01311
0.994363
0.970676
1.00621
1.01311
0.996337
1.0067
1.01361
1.02101
1.00621
0.987947
1.02545
0.985973
0.973143
0.983506
1.01015
1.01114
1.00867
0.982519
1.00374
0.99683
0.984
1.03433
0.999297
0.997817
0.994856
0.99535
1.0146
1.02545
0.985973
1.00522
1.0141
1.00374
0.994363
0.981039
0.997817
0.975117
1.02496
0.979558
1.00571
0.996337
0.97265
1.01311
1.00176
0.956365
0.969195
0.993376
1.0215
1.00473
1.00028
0.993869
0.969195
1.00127
1.00719
0.955871
1.00867
1.01213
0.992882
1.00176
1.00522
1.00423
1.01213
1.02397
1.0146
1.01311
1.01608
1.00473
0.991402
1.02101
1.01509
1.01114
0.970182
0.962286
1.00473
0.980545
0.993376
1.02989
0.953897
0.993869
1.01706
1.01262
1.01015
0.990415
1.01065
0.999791
1.00966
0.981532
0.999297
1.00374
0.982519
1.01756
1.02101
0.992882
0.984
0.955378
1.01213
1.02397
0.996337
0.985973
1.01706
0.984493
1.04914
1.01163
0.993869
0.991895
0.997324
1.02891
0.984987
1.00621
1.01114
0.995843
0.977091
1.00769
1.02496
0.973143
1.01262
0.987947
1.01706
1.01756
1.03878
0.987947
1.00028
1.00028
1.02052
0.988934
1.01015
0.976597
0.988441
1.01311
0.997817
0.983013
1.01854
1.00917
1.02891
1.0141
0.992882
1.01706
1.00769
1.02002
1.01163
1.00325
1.00176
0.978571
0.985973
1.00226
0.993376
0.994363
0.991895
1.00325
0.98696
1.04174
1.00078
0.992389
0.998804
0.994856
1.02249
1.01509
1.01361
0.988441
0.975117
0.953897
0.966728
0.99535
0.973636
0.996337
1.00374
0.991895
0.984
1.00522
1.02989
1.01065
0.990908
1.00966
1.00275
0.999297
1.02595
1.02644
0.977091
0.992389
0.983013
0.999297
0.981532
0.993376
0.992389
1.00226
0.989921
1.00176
1.00127
0.987454
1.00473
1.0067
1.03187
1.00028
1.01756
0.971663
1.01509
1.01114
0.989921
0.999297
1.01756
0.996337
1.01805
1.0294
1.01213
1.00719
1.00719
0.986467
1.00275
1.01065
0.999791
1.01015
1.01706
0.984987
1.05407
0.985973
1.0146
1.00867
0.97413
1.01608
0.98696
1.01213
1.00423
0.99535
0.978571
0.984493
0.994856
1.0294
0.987947
1.01163
1.01706
0.991402
1.00917
0.99683
1.00473
1.01262
0.998804
0.997324
1.01706
1.00522
1.00522
0.976597
0.992389
0.987454
0.97413
0.993376
1.01509
0.99683
0.999297
0.989428
0.981039
0.956365
0.995843
1.03088
0.992389
1.04815
0.981039
1.00571
1.02002
0.978078
1.02644
0.983013
0.985973
1.04371
0.993376
1.02792
0.99683
1.01114
0.972156
0.989428
1.00325
1.00275
0.989428
1.00028
0.991402
0.966728
0.99535
1.04124
1.00473
1.00621
1.04371
1.01163
0.983013
1.02101
1.02397
1.00325
1.00522
0.987947
1.02298
1.00867
1.00522
1.02792
0.999791
1.02002
0.977091
0.999297
0.99831
0.997817
1.01657
1.00176
1.00226
0.982026
0.963767
0.985973
1.02792
0.983506
0.997817
0.99535
1.00226
0.999297
0.988934
0.983506
0.993869
0.999297
0.988934
0.995843
0.997817
0.994856
0.985973
0.992882
1.01608
1.00522
1.00571
1.00325
1.01065
0.990415
1.01213
1.00571
1.04075
1.01509
1.00176
1.02101
0.98548
1.01311
1.02298
0.986467
0.963767
1.00423
0.994363
1.00522
0.991402
1.00374
0.988441
0.991402
1.04618
0.994363
0.988441
1.01904
1.01114
1.02101
0.996337
1.01065
1.01805
0.999297
0.983013
1.00078
0.97561
0.974623
0.987454
0.97561
1.01114
0.99683
1.01311
0.981039
0.984987
0.996337
0.997324
0.995843
0.994856
1.02595
0.999791
1.00917
1.00571
0.980545
1.00078
1.02249
0.984
1.00867
0.974623
1.01065
0.990415
1.022
0.994856
1.01558
1.01756
0.972156
1.00966
1.03088
1.00917
0.981039
0.983013
0.998804
0.976597
1.01953
1.00917
0.987454
0.973143
0.998804
0.994363
0.987947
0.992882
0.984493
0.998804
1.01953
0.992389
1.00719
1.01805
0.982519
0.975117
1.0067
0.994363
1.0067
0.991402
0.970676
0.967221
1.03039
1.00621
0.98548
0.97561
0.982026
0.999791
1.01065
0.99683
1.01706
0.984493
1.01262
0.970182
0.989921
0.988934
1.00571
0.970676
0.980052
1.02891
0.987947
0.999297
1.00176
1.02743
0.99831
1.0067
0.99683
0.989428
1.01608
1.00325
1.01558
0.999297
0.982519
0.977091
1.03631
0.980545
1.02298
1.00473
1.01114
1.01213
1.01114
0.984987
1.02743
0.996337
1.01706
0.999297
1.00769
1.01361
0.999791
1.04026
0.983013
0.957845
0.961299
1.01509
1.01558
1.01558
0.979558
0.990415
1.00719
1.00374
0.981532
0.960313
1.00374
1.01805
0.991895
1.00176
1.0141
1.00176
0.946989
0.974623
0.977584
0.97561
0.998804
0.974623
0.992389
0.98696
0.996337
0.999791
1.02298
0.999791
1.00966
1.02348
0.991402
1.00325
0.982026
1.00028
1.0294
1.06937
1.01311
1.00325
0.994363
1.01015
1.00325
1.00226
0.997817
0.98548
0.990415
0.99831
1.00571
1.00325
0.988441
1.01311
1.03483
1.02989
0.98548
1.04174
0.978078
0.997324
1.01262
0.984
0.993869
0.991402
1.01657
0.999791
1.01706
0.979065
0.977091
0.97561
0.99831
1.00127
0.989921
1.0294
1.01065
1.01065
0.99831
0.993376
0.963767
1.01608
1.00867
1.00127
0.983013
0.997817
0.976597
1.01706
1.04963
1.01558
0.99831
0.998804
1.02693
1.0146
1.00867
1.00374
0.990415
1.00423
1.02298
1.00176
1.00127
0.990415
0.987454
0.98548
1.0146
1.02743
0.974623
0.978571
0.992882
1.00423
0.99535
0.996337
1.02446
1.01706
1.00374
1.02644
1.00176
1.00325
0.977091
0.994856
1.01311
0.985973
0.985973
0.97561
1.01311
1.00423
0.992882
0.977584
0.992389
0.984493
0.98548
0.994363
0.987454
0.999791
0.987947
1.00719
1.02101
0.987454
1.01114
1.00078
1.05161
0.953404
1.00473
1.00028
1.02249
1.04075
0.947482
0.978571
0.99683
0.983506
0.987454
1.00176
0.971663
1.00473
1.00719
1.01262
0.984
1.0215
0.980052
0.984987
0.958339
1.01015
0.983506
1.00226
1.01065
0.99831
0.989921
0.990415
0.991402
0.96278
1.00127
0.98548
0.998804
0.993376
0.999297
0.987947
0.981532
0.978078
0.993869
1.00473
0.995843
0.970676
1.00621
0.993376
0.997817
1.01558
1.00621
0.990908
0.992882
0.987454
0.995843
1.01953
1.00176
0.990908
1.022
0.99535
1.00621
0.970676
1.01065
1.01706
0.983013
0.987454
1.00966
1.01361
1.01015
0.991895
0.99831
1.02348
1.00078
0.981039
1.0146
1.02595
0.969195
0.991895
0.98548
1.01854
1.01558
0.994363
1.00423
0.997817
1.02644
1.01114
1.02101
0.991895
0.986467
1.00275
1.02298
1.02446
0.97413
1.00078
0.990415
1.03236
1.00571
0.97413
0.976597
0.992882
0.960313
1.00966
1.01262
1.00867
0.990415
0.971169
0.986467
0.99831
0.999297
1.01953
0.999297
1.00028
1.02644
0.987947
1.00917
0.993376
1.01114
0.973636
0.980052
0.988441
0.993869
0.996337
0.976597
1.00571
0.984987
0.984
0.984493
1.02052
0.991402
0.989921
1.00621
0.986467
0.989428
1.01311
1.01854
1.0146
0.991402
0.990415
1.00522
0.988934
0.981532
1.02891
0.995843
0.966728
0.982026
0.988934
0.984987
1.02496
1.00867
0.971169
1.00522
1.01311
1.01114
1.01262
1.01805
1.01114
0.967715
0.966728
0.993869
1.0067
0.992882
1.02348
0.991895
0.992882
0.973636
0.988441
1.01262
1.02743
0.98548
0.980052
1.0067
1.01608
0.976597
1.00473
1.0067
1.02002
0.997324
0.990415
1.00769
0.983013
0.997324
0.967715
0.989921
1.01262
0.996337
1.00176
1.00473
1.00275
0.994363
0.982519
1.01805
0.979065
0.983013
0.997324
1.0141
0.955378
0.999791
1.02446
0.98548
1.02545
0.992882
0.998804
1.01657
1.01114
1.00275
1.01262
0.967715
1.03039
1.00423
1.00966
1.01608
1.00176
1.02891
0.966728
1.022
0.984987
0.98548
1.01756
1.01558
0.993376
0.976597
1.00621
0.98696
0.987947
0.973636
0.985973
0.993869
0.984
0.984
1.02891
1.02989
1.00325
1.00522
1.00226
0.999297
1.01706
1.01509
0.984
0.992882
0.991895
1.00867
0.998804
1.0067
0.993869
1.01361
0.991402
0.978571
1.00571
0.988441
0.989921
0.998804
0.985973
1.00127
1.01114
1.01213
0.998804
0.979558
0.99831
1.02792
1.00473
0.983506
0.994856
0.998804
1.0146
0.982519
1.00867
0.965247
1.02595
1.01015
0.981532
0.998804
1.00325
0.994363
0.96278
0.987947
0.978571
1.00473
0.973143
1.01608
0.994363
0.979558
1.00917
1.01854
0.973143
0.990908
0.98548
0.99535
1.00867
0.996337
1.00621
1.01608
1.00078
1.02644
1.0215
1.01361
1.01065
1.00078
1.02101
0.996337
1.00028
1.00423
0.970676
1.0141
1.0067
0.979065
1.01953
1.01311
1.00275
1.03039
1.00374
1.01854
1.01065
1.01361
0.999297
1.00621
1.00374
0.996337
1.01657
0.982519
0.984987
0.973143
1.01213
0.988441
0.997324
1.01904
1.00769
1.00176
1.01015
0.98696
0.967715
1.01756
1.01904
0.993376
0.997817
0.979558
1.00769
0.990415
0.970182
1.00621
1.00275
1.0146
1.0141
1.01706
1.00325
1.01065
1.00522
0.987454
1.01015
1.00078
1.00028
0.992389
0.975117
0.989428
1.00226
0.97265
0.984987
0.983506
1.01163
1.03976
0.984
1.00176
0.968208
0.985973
0.988441
0.999791
1.00867
0.990908
0.990415
0.980052
1.03483
0.968702
0.997324
0.995843
1.00966
1.02446
1.03878
1.00966
0.973636
0.977091
0.984493
0.979558
1.01213
0.99831
0.996337
1.03039
1.03335
1.00127
0.999297
1.02545
1.01509
0.991895
1.01163
1.01904
0.991895
0.997817
0.970182
0.985973
0.996337
0.981039
0.997817
0.992882
0.993376
1.022
0.965741
1.00966
1.0146
1.03384
1.00127
1.0146
1.00078
1.00078
1.01361
0.991895
1.00966
1.00867
0.96278
0.998804
0.966234
0.976597
1.03927
0.990415
0.995843
0.979558
1.01854
1.01509
1.00917
1.00226
0.981039
1.03088
0.987947
0.981532
1.00571
1.01657
1.0215
1.00374
0.959819
0.987947
0.99535
0.98696
1.00176
0.985973
1.01854
0.984987
1.03976
1.02545
0.993869
1.00423
1.01015
0.987454
1.01953
1.01015
0.983506
1.00917
1.0067
1.02348
1.03433
1.03285
1.00028
0.997324
1.04075
1.00325
0.966234
1.00325
1.02101
1.00226
1.04371
1.01953
1.00176
1.0067
0.991895
0.951923
0.96426
1.02446
0.999791
0.976104
1.01114
0.988441
1.01015
0.981532
1.00818
1.00621
1.01608
0.979065
0.994363
1.01361
1.00571
0.974623
1.00719
0.987947
0.978078
0.989428
1.0146
1.01361
0.99683
1.00966
1.01509
1.022
1.00719
1.03039
1.0141
1.01854
1.00818
1.00028
1.02743
0.980545
1.01114
1.00719
1.01904
1.00374
0.993376
0.973143
0.955378
1.02101
1.00325
0.986467
1.03187
1.02298
1.00275
1.01065
0.978078
1.00867
1.03039
1.00176
0.994856
1.01558
0.99831
1.01608
0.98696
0.997324
0.985973
0.982026
1.00621
0.996337
0.989921
1.01805
1.01163
0.993376
1.00522
0.994363
1.00127
1.02693
0.988934
0.983506
0.988934
0.99831
0.999297
1.00769
1.0067
1.02397
0.998804
0.977584
1.00621
1.01114
0.99831
0.989428
0.986467
1.00028
0.999297
1.00522
0.974623
0.991895
0.989428
0.993376
0.976104
0.995843
1.00867
0.982519
1.00028
0.994856
1.01114
1.01163
1.0447
0.988441
0.991895
1.0067
0.995843
1.00423
1.00473
1.01114
0.989921
1.05161
1.03137
1.00127
1.00028
1.00423
0.98548
1.00867
1.01904
0.982519
1.03137
0.993376
0.98696
1.02446
0.98548
0.982519
1.00275
1.02298
1.00867
1.0215
1.00719
1.01805
0.99535
0.995843
0.966234
1.00522
0.972156
1.00226
0.992389
1.01213
1.02101
1.02298
0.99831
1.00966
1.00374
0.977584
0.990908
1.01953
0.987454
0.987947
1.00917
0.992882
0.990908
1.022
0.996337
1.00966
0.989428
0.984
0.991895
1.00078
0.996337
0.999791
1.00571
1.0141
1.03137
1.02002
0.993376
1.01805
1.02249
1.00374
0.984
0.974623
0.980052
1.02644
0.985973
0.991895
0.973636
0.966234
1.01114
0.991402
0.994363
1.00275
0.971169
1.02397
1.01558
0.954391
0.986467
1.01311
1.00176
0.993869
0.991402
1.01065
1.00423
0.979558
0.953897
0.981039
1.02644
1.03384
1.02989
0.980052
0.983506
1.00522
0.988934
1.00818
0.980052
1.00818
1.01953
1.00374
1.02743
0.977584
0.99683
0.967221
0.991895
1.00078
0.993376
1.00966
0.978078
0.984
1.0447
0.997817
1.00078
1.02693
1.00867
1.02595
1.02052
1.01756
1.00226
0.979558
0.970676
0.994856
1.00719
1.01065
0.994856
0.984493
0.978078
0.981532
1.00176
0.975117
0.991895
1.02743
0.997817
0.993376
0.967221
1.01065
0.98696
0.992389
0.993869
1.02989
1.01015
1.01706
0.980052
1.01311
0.997817
0.991402
1.00176
1.00473
0.988441
1.00867
1.00621
1.00522
1.00818
0.980545
0.963273
1.00473
0.997324
0.996337
0.99683
1.00769
0.978078
0.990415
0.995843
1.01657
0.987454
0.945015
1.02101
0.990415
1.02743
0.984987
0.99535
0.976597
1.0141
1.00028
1.0141
1.00917
0.983506
1.00176
1.00226
0.990415
0.979065
1.00374
1.03088
1.01953
1.00275
1.01608
1.01756
1.01213
0.988934
1.00769
1.01065
1.00917
1.02595
1.022
1.03433
1.00571
0.979065
0.996337
1.00522
0.993869
1.00078
1.01163
1.0067
0.959819
0.987454
1.01509
1.02298
1.00078
0.994363
1.00127
0.992882
1.01163
0.99535
0.992882
1.00818
1.00078
0.983506
0.985973
0.976597
0.992882
0.999297
1.00621
1.01657
1.01854
1.00719
0.99535
1.00522
1.02693
0.991895
0.980052
1.01509
0.987947
0.991402
1.00226
1.00719
1.0141
1.01114
0.991895
0.994363
0.989921
1.00127
0.995843
0.981532
0.984
1.02002
0.981532
1.01015
1.00522
1.00769
0.99831
1.0067
1.00374
0.982519
1.02595
0.99535
0.973636
1.00719
1.00226
0.999791
0.999791
0.98548
0.968208
0.990908
1.04124
1.00571
0.986467
0.994363
0.986467
0.983506
0.991402
1.00571
0.999297
1.01262
0.998804
0.987947
0.967221
1.03976
1.00966
1.01311
1.00176
1.00917
0.998804
0.990908
0.991402
0.998804
1.03088
1.01756
0.958832
0.997817
0.979558
1.05309
0.979558
1.02052
0.994363
1.01509
0.996337
0.999791
1.00966
0.974623
0.986467
1.01015
1.01608
1.00226
1.01805
1.03631
1.04075
0.981532
1.01163
1.0215
0.971663
0.976597
1.01608
1.00374
1.00374
1.02792
1.01262
0.982026
0.98696
1.00176
1.00226
0.981532
0.992389
1.00719
1.00127
1.01262
0.994856
0.999791
1.01608
1.00275
1.02298
1.02841
1.00769
0.988441
0.995843
1.00275
1.02298
0.986467
0.990908
1.00275
0.969689
1.0447
1.01361
0.961793
1.01608
0.983013
1.00719
1.0215
0.984
1.00571
0.97413
1.022
0.971663
0.957352
0.95291
0.996337
0.973636
0.97413
1.02446
0.991895
1.00867
1.02446
0.98548
0.982026
0.984987
1.03236
1.00275
0.991895
0.999791
1.00522
0.986467
1.0146
0.975117
0.981039
0.984493
1.01608
1.02002
1.00325
1.00325
1.02841
1.04371
0.999791
1.0067
0.98548
1.00374
1.02496
0.997324
0.971663
0.996337
0.999297
1.00423
1.00127
1.02101
1.02348
1.00275
1.01114
1.00818
0.993376
1.01213
0.996337
0.982519
1.01262
1.03039
0.997817
1.00275
0.993376
1.01756
0.996337
0.977091
0.991895
0.997324
1.00867
1.01311
1.00473
0.966728
1.01756
1.01163
0.987454
1.01262
0.994363
1.0067
1.00917
0.987454
0.989428
1.01114
0.99535
1.02496
1.00719
0.993376
1.00719
1.00028
0.985973
1.01015
1.03088
1.00176
1.00325
1.01509
1.00176
0.982026
0.986467
0.967715
0.981532
1.00226
0.99535
0.979558
1.0146
1.01854
1.00078
0.991895
1.00176
1.00621
0.997324
0.998804
0.990908
1.01854
1.01065
0.990908
0.998804
1.00325
1.03137
1.00571
1.01558
0.976597
1.01361
0.983506
1.01114
0.988934
1.0294
1.0141
1.02002
1.00325
0.983506
0.967221
0.990415
0.988441
0.983506
0.98696
1.00473
1.01608
1.02595
0.955871
0.989921
1.0141
0.97413
1.00966
1.00571
0.987947
1.04766
1.00374
0.984493
0.950443
1.00867
0.987454
1.01904
0.960806
0.99831
1.022
1.00028
1.02298
0.990415
0.99831
1.00769
1.03236
0.982026
0.984
1.00621
1.02002
0.974623
0.977091
1.01065
1.02101
0.970676
1.00818
1.00571
0.966234
0.990908
1.00867
1.02348
0.991895
1.01904
1.00423
0.989428
0.971169
1.00374
1.01065
1.00226
0.996337
1.0067
1.00176
0.992882
1.01509
1.00423
1.01558
1.01361
1.01015
1.00325
0.999791
1.01608
0.995843
1.02545
0.997817
0.966234
0.99831
1.01558
1.00818
1.0067
1.01904
1.01163
1.00028
1.00917
0.970676
1.00275
0.991402
0.998804
0.994363
1.02841
1.0368
1.01706
0.983506
1.02891
0.993869
0.996337
1.00226
1.02841
0.969689
1.00473
0.997324
0.994363
1.04174
0.981532
1.01805
1.01213
0.997817
0.984493
0.990908
1.01163
1.0067
0.985973
1.01163
1.00867
0.970676
0.984987
0.989921
0.98548
1.00226
1.00621
0.999297
0.991402
1.02595
1.01509
0.998804
1.00226
1.00917
1.00473
1.01015
1.01015
0.993869
0.99683
0.99535
0.987947
0.987454
1.00769
1.00522
0.976597
1.01213
0.966234
1.00127
1.01114
0.999791
0.97561
1.0146
0.989428
1.01756
0.997324
0.955871
0.999297
1.01558
0.994363
0.971169
1.01558
0.993869
0.997817
1.02101
0.993869
1.02101
1.00966
1.01262
1.00423
0.976597
1.00423
1.00176
0.977584
1.02348
0.993376
1.02101
0.978078
0.986467
1.00028
0.989921
1.02002
1.00621
0.980545
1.01657
0.984
0.995843
0.970182
1.00275
1.00275
0.993376
1.00571
0.994856
1.04223
0.974623
0.987947
0.977091
1.04815
0.98696
0.966234
1.01114
0.989921
1.02496
1.00275
0.983013
0.988441
1.03236
1.00028
0.993376
1.01361
0.994363
1.0141
1.00127
1.00867
1.01805
1.00621
0.962286
1.02348
1.01361
0.984493
1.0146
1.0141
1.00176
0.99831
0.994856
0.994856
0.986467
0.97413
0.978078
1.00374
0.993869
0.965741
1.01608
0.989428
1.02693
1.02595
0.994856
1.0146
1.00127
0.996337
0.990415
0.968208
0.990908
0.994856
1.02249
0.98696
1.00966
0.996337
1.01706
1.00966
1.01213
0.991402
0.99683
0.972156
1.00423
1.02792
1.01657
0.998804
1.03187
1.01262
0.994856
0.999791
1.00966
0.999791
1.01213
0.990415
1.00226
0.991895
1.00275
0.982026
0.995843
1.01213
1.01953
1.02397
0.987454
0.978078
0.995843
0.997817
1.00226
0.995843
1.02002
1.00176
0.975117
0.989428
0.998804
1.01213
1.00374
0.995843
0.987454
1.01904
1.00028
0.98696
0.99535
0.995843
1.01015
0.987947
0.987947
1.01213
1.00719
1.00719
1.02644
1.00325
0.990908
1.02792
1.00522
0.994363
0.99535
0.977584
0.997324
1.0141
1.02446
1.01854
1.02792
0.997324
0.978078
0.989428
1.01163
1.0215
1.0067
1.00917
0.991402
1.02693
1.01904
0.998804
1.02446
1.00176
0.987454
0.990415
0.991402
1.01015
1.00522
0.969195
0.997324
0.986467
0.960806
1.00867
0.987454
1.01854
0.991895
0.988441
1.01065
0.963273
0.995843
1.01756
1.00719
1.02249
0.986467
1.02101
0.992882
0.986467
0.99831
0.990415
0.984
0.961793
0.990908
1.00176
1.00325
1.01904
0.981039
1.01213
0.983506
1.02792
0.979065
1.02101
0.968702
0.971169
0.991895
1.01361
1.02693
1.01114
1.00473
0.987947
1.01163
1.00473
1.02249
0.984987
1.01213
1.02595
1.02348
1.01114
1.01558
0.996337
1.01361
0.984493
0.97561
0.97561
1.02249
0.982519
0.964754
1.03927
0.989921
0.949456
0.997817
1.01262
1.00226
0.984493
1.00176
0.993869
1.02052
0.97413
0.998804
0.980545
1.02002
1.00917
0.994856
0.982519
0.98548
1.02644
0.994363
0.990415
0.996337
1.01163
1.02249
0.993869
1.00769
0.981039
0.978571
1.0067
0.999297
0.99831
0.984493
1.00275
0.992882
0.999791
1.02841
0.979558
1.02891
1.0067
0.99831
0.984493
1.00571
1.03039
0.956365
1.02446
1.00473
1.01805
0.983506
0.999297
0.976597
0.983506
1.00028
1.01558
0.985973
0.994363
0.995843
0.984
1.01509
1.01311
0.957352
0.999791
1.00473
1.01262
1.00522
1.00127
0.987947
1.00966
0.994856
0.970676
0.990908
1.00176
1.01065
1.01657
0.994363
0.981532
1.00917
1.00966
1.00769
1.00719
1.00325
1.03335
1.00473
0.984493
0.992389
1.01114
0.977584
1.01361
0.994363
1.01163
1.02743
1.00522
0.997324
0.965741
0.994363
0.994856
1.03236
1.0215
0.998804
1.01015
0.988441
0.989428
0.994856
1.00226
1.03384
0.963273
1.01163
0.990908
0.998804
1.00423
0.998804
0.997324
1.01756
1.00127
0.983506
0.983013
0.966728
1.01904
0.990415
1.00621
1.00127
0.998804
1.01608
1.01608
0.997817
1.02446
0.97413
0.992882
0.996337
1.00473
0.996337
1.00325
0.983013
1.01657
1.01311
1.00621
0.989921
0.989428
0.995843
0.993869
0.974623
1.0067
1.00078
1.01015
0.992389
1.01953
0.990415
0.999297
0.982026
1.03532
1.00078
1.00226
0.960313
1.01805
1.00127
0.980545
0.982519
0.984987
0.990415
1.0141
0.989921
1.00176
0.980052
1.00818
0.997817
0.988441
1.01213
0.978078
0.966728
0.988934
0.99831
0.982519
1.00473
0.977091
0.970182
0.997817
0.992389
1.02348
0.977091
1.01608
0.993869
0.983506
1.00966
0.99831
1.02249
0.977091
0.992882
0.98548
0.982519
0.984987
0.986467
1.0141
1.02891
1.01114
1.01163
1.02446
1.04075
0.991402
1.00867
0.992882
0.993869
0.959819
0.976104
0.99831
1.00226
0.987947
0.98696
1.01805
1.00522
0.998804
1.00571
1.03384
0.984987
1.00917
0.990908
0.999297
0.979065
1.01756
1.02348
1.00571
1.01904
0.983013
0.994856
0.99535
1.0067
1.01657
0.970182
1.02052
0.962286
1.00769
1.02249
1.0067
1.01509
0.992389
1.01558
0.99831
1.00966
1.02595
0.983013
0.97561
0.984493
0.979558
0.990415
1.03779
0.956858
1.00226
1.01756
0.987947
0.979065
1.02298
0.990908
0.953404
1.01558
1.01015
1.03483
1.02446
0.989921
0.956365
1.00966
0.994363
0.992882
1.00176
0.966234
0.991895
0.997324
1.00769
1.00423
1.00818
1.00325
0.99831
0.981532
1.03631
0.980545
1.00966
0.995843
1.00078
0.991895
1.01608
1.02298
1.0141
0.992882
0.993376
1.01953
1.00423
1.00966
0.994363
1.00226
0.998804
1.00473
0.992882
1.02545
1.02052
0.98696
1.01213
0.999791
1.00769
1.00473
0.977584
0.947482
1.03088
0.988934
0.999297
1.01756
0.997324
1.00473
0.99535
1.01213
1.00473
1.00078
1.01213
1.00522
1.01015
0.987454
1.00028
1.01015
1.00522
1.0294
0.994856
1.00719
0.981039
0.999297
1.00769
0.987454
1.00423
0.956858
0.980052
0.99683
1.00275
0.976104
1.00226
1.00325
1.00078
0.992389
0.98548
0.99535
0.98696
1.00966
1.00275
1.01015
1.01311
1.01706
1.01953
0.995843
1.01558
0.993869
0.993376
1.01805
1.00571
0.994363
1.00917
0.989921
0.98696
0.989428
0.993376
0.99535
0.97561
0.981532
1.00621
0.984493
0.98548
1.0215
0.957845
0.967715
1.00769
0.994856
1.01361
1.00818
1.01657
0.974623
0.996337
1.01509
0.987454
1.00719
1.0146
0.985973
1.02644
0.987947
1.02052
0.983506
1.00226
0.999791
0.981532
1.01015
1.01904
0.963767
1.00275
1.01608
1.00325
0.99831
0.98548
1.00818
1.02693
0.995843
1.01805
1.01065
1.00917
1.0294
1.02644
0.992882
0.935638
0.970182
0.986467
1.00522
0.966234
1.0067
0.97561
0.98696
1.01904
1.00325
1.0141
0.987947
0.990908
1.00374
1.00325
1.00867
1.01706
0.996337
1.01213
1.01361
0.999791
1.01163
1.01213
0.97561
0.984493
0.987454
1.00966
0.969689
1.00719
1.00325
1.00473
0.989428
0.997324
1.00917
0.991895
0.977091
0.994363
0.998804
1.00374
1.00127
0.961793
0.984987
0.989428
1.00966
1.01114
0.984
1.00226
0.989921
0.994363
0.989921
0.960313
1.00769
1.00621
0.993376
1.01854
1.01706
1.01608
1.02052
1.00571
0.991402
0.991895
0.984
0.970182
1.0141
1.02496
0.986467
0.963767
1.01015
1.00818
1.02644
1.01361
0.961299
1.00078
0.99831
1.00621
1.00917
0.996337
1.0067
0.99831
1.01706
0.993869
0.984493
1.01361
0.99535
0.980545
1.00127
0.99831
1.00966
1.00621
1.02644
0.999791
0.993869
1.00078
1.01213
1.03828
1.0215
0.990415
1.01213
0.97265
1.01756
0.994856
1.00423
1.00966
1.01311
1.0294
0.984493
0.99831
0.99683
0.98548
1.01361
0.981039
0.97265
1.00176
1.00176
0.99831
1.00028
0.984493
0.976597
1.00275
0.993376
1.02052
1.00719
1.01558
0.983506
0.990908
1.02348
0.987947
1.03335
1.01657
0.983013
0.988441
0.976597
0.969195
0.993869
1.01854
0.991895
1.00226
1.02101
0.98696
1.00275
1.0141
0.989921
0.979558
1.00028
1.00325
1.03384
1.00719
0.989428
1.00571
1.00176
0.975117
1.00078
1.02298
1.00078
0.973636
1.01756
1.0141
0.97413
1.00818
0.977584
0.989428
0.979065
0.981039
0.996337
0.991895
0.97265
0.997324
0.997324
1.00621
1.00325
1.01213
1.01509
1.01558
1.02101
0.99683
1.02249
0.991895
1.01163
1.00325
1.00028
1.0067
1.00522
1.00966
0.990415
1.02891
0.987454
1.01558
0.996337
1.00522
1.00769
1.01953
1.0067
1.0067
0.99683
1.00571
0.989428
1.01657
1.00473
0.971663
1.01163
1.00226
0.978571
1.00769
0.987454
0.989921
0.990908
0.997324
1.00275
0.99831
1.00522
1.01361
1.00127
1.01953
1.01114
0.99535
1.0067
0.996337
0.987947
1.02989
1.00719
1.02101
0.984
0.993376
0.974623
1.00275
0.992389
0.973636
1.00473
1.01706
1.01509
0.988441
0.994363
1.00423
1.0373
1.00917
1.00226
1.01361
0.999791
1.01361
1.02052
1.0215
0.973636
0.969689
1.00176
1.00769
0.989921
0.993376
0.97265
0.986467
0.999791
1.00275
1.01213
1.00719
0.965741
0.957352
1.00571
1.00522
0.992882
0.997817
1.00473
1.00176
0.993869
0.992389
0.999791
1.01311
1.00473
1.02792
0.989428
1.022
0.983506
0.983506
1.00423
1.01953
0.990415
1.01558
1.01854
0.988441
0.994363
1.00719
0.97413
1.02002
1.00621
0.979065
0.988934
1.02545
0.99831
1.01015
0.988934
0.99831
1.01608
1.00719
1.01213
0.975117
1.02644
0.997817
1.01854
1.03631
0.967715
0.992882
1.01213
1.00078
1.00867
1.00571
1.00325
0.967221
0.995843
1.02052
1.00522
0.997817
0.981039
0.991895
0.980052
1.01114
1.00078
0.991402
1.01657
1.00226
0.972156
1.02595
0.977584
1.022
1.03039
0.986467
0.979065
0.978078
0.979065
1.02595
1.01706
1.00325
0.991895
0.980052
0.975117
0.988441
0.991402
1.00522
1.01657
1.01756
1.01163
0.990908
1.03088
0.992389
1.00571
1.00374
1.00917
0.985973
0.999791
1.00127
0.990908
1.01904
0.989428
0.991402
0.979558
1.00719
1.04075
0.973143
0.988441
1.01015
0.999791
0.993376
0.991402
1.00917
0.974623
1.01953
0.970676
0.992389
0.998804
0.993376
0.99831
0.987454
0.980545
0.998804
0.984
0.998804
0.982519
0.965741
1.01706
1.01065
1.00423
1.03631
0.977584
0.970676
1.01015
1.00621
1.01065
0.998804
0.984987
0.975117
0.99831
1.01558
0.98696
1.03335
1.00176
1.00275
1.00867
0.990415
1.01262
0.99831
1.00226
1.0215
0.994856
0.97561
1.01509
1.00078
0.984493
0.961299
0.992882
0.993376
0.984493
1.00473
1.00473
0.981039
1.02446
0.983013
0.997817
0.983013
0.992882
0.997324
1.00127
0.982026
0.995843
0.995843
0.984987
0.999297
0.979558
0.969195
1.01065
0.973143
0.992389
1.00423
1.01756
1.01706
0.992389
0.991895
1.00621
0.984987
1.0146
0.994363
0.978571
0.994856
0.989428
1.03779
1.02002
0.975117
1.00078
1.00571
1.02397
0.99683
1.01608
0.997324
0.998804
0.980052
0.973143
1.02545
0.986467
0.97413
1.04667
0.994856
0.993376
1.00719
0.999297
1.01706
0.973636
0.99831
1.01262
0.979558
1.01163
0.989921
1.01163
0.970182
0.970676
1.00275
1.03581
1.0373
1.00374
1.01854
0.99535
1.01361
1.01756
1.01756
1.00917
1.02249
0.984987
0.983506
1.02595
1.01065
1.02249
1.01657
0.991895
1.022
0.99535
1.00571
1.00917
0.984987
1.01805
0.975117
0.979558
1.01756
1.03285
0.97561
0.977584
1.01114
0.997817
0.99535
0.981532
1.01608
1.00078
1.02298
0.97413
0.983506
1.00769
0.999791
0.995843
0.982519
1.00374
0.987947
0.992882
0.993376
1.01558
0.989428
0.98696
1.01756
1.00275
0.984493
0.983013
1.00374
1.01015
1.01509
1.00275
1.00226
0.963767
1.02446
0.973143
0.989428
1.00867
1.00621
0.981039
1.00917
0.995843
0.971663
1.00473
0.996337
1.01854
0.984
1.00719
0.993376
0.997817
0.991402
0.992389
1.03483
0.983013
1.00028
0.982519
1.01706
1.01558
1.022
1.01213
1.01163
0.996337
0.999297
0.97265
1.01015
0.979065
0.993869
0.985973
1.02891
1.01953
1.00571
1.0294
0.984
0.984987
0.984493
1.04371
1.0368
1.00127
0.971663
0.999297
0.967715
1.00325
1.02101
1.00325
1.03483
1.0146
1.00966
1.01608
1.01756
0.991895
1.00621
0.991402
1.0067
1.00522
0.976104
1.02298
0.997817
0.978571
1.01361
0.98696
1.02891
0.998804
1.00374
0.99535
1.0067
0.993869
0.99831
0.993869
0.982026
1.0146
1.00127
1.00917
0.990908
1.02496
1.01065
0.99535
0.978571
1.00769
1.02249
1.01904
0.988934
1.00176
1.03285
1.03088
0.997817
1.01657
0.983506
1.0373
1.01756
0.965741
1.00571
1.01657
1.01904
0.979065
0.941067
1.01163
1.00571
1.03236
0.990908
0.993376
0.958339
0.986467
0.965741
0.973143
1.00078
1.00226
0.991402
0.991402
0.976597
0.994363
1.03088
1.01854
0.984493
0.971663
0.983013
0.997817
0.980545
0.988441
1.00917
1.00028
1.02743
0.992882
0.986467
1.01558
1.02249
0.961299
0.982519
1.02298
0.975117
1.00621
1.00226
1.00325
0.996337
0.983506
0.970676
0.997324
0.984
1.03285
0.99683
0.979065
1.01608
1.01558
1.01311
1.00571
1.02101
0.998804
1.01608
0.981532
0.992389
0.990908
0.993869
0.977091
0.999297
1.00522
1.00078
1.00719
0.981039
0.978078
0.987947
0.972156
0.987947
0.950443
1.00028
0.99831
1.00078
0.984987
0.977091
1.01262
1.03137
0.999297
1.02249
0.972156
0.999791
0.980052
1.02298
0.990908
0.98696
1.01163
1.01608
0.994363
1.02792
1.022
1.00867
0.975117
0.99831
0.976597
0.981532
1.01756
1.02397
1.00078
1.01015
1.00127
0.993869
0.98696
1.03187
1.00522
0.990908
0.974623
0.982519
1.00275
1.02496
0.991895
1.02101
1.00078
1.03335
1.00522
1.01657
0.990415
0.988441
0.985973
1.01558
0.979065
0.988441
0.993376
1.01015
1.01311
0.980052
0.959326
1.02298
0.991402
1.02841
0.982026
1.00078
1.02249
0.99535
1.00176
1.0146
1.0067
0.996337
1.00325
1.00028
1.00473
1.01262
1.02446
0.99831
0.997817
1.00769
1.00719
1.01213
1.00423
1.01854
1.00818
0.995843
0.963273
0.993376
0.999791
1.03532
0.991402
1.01706
1.00867
1.00966
1.01558
1.0141
0.993376
1.00719
1.00127
0.984987
1.01854
0.978078
0.975117
1.00275
0.988441
1.00423
0.991402
0.99831
0.984987
1.02841
0.970676
0.953404
0.988441
1.01114
0.990415
0.988934
0.999791
0.977584
1.01608
0.973143
1.00473
0.97561
0.995843
1.01015
1.00522
1.00226
1.03433
1.04124
1.0141
1.01114
1.03384
1.022
0.981532
0.999297
1.01213
0.997324
0.994363
1.00818
0.988441
0.990908
1.02249
1.00325
1.00571
0.997324
0.968208
1.00966
0.98548
1.01213
0.988934
0.999297
1.00917
1.00818
0.996337
0.982519
0.991402
0.985973
0.99535
1.01558
0.995843
0.969195
1.01657
0.996337
0.99831
0.987454
1.00966
1.01065
1.0141
0.97265
0.990908
0.985973
1.01904
1.01065
1.00966
1.01213
1.00769
1.00719
0.987947
0.987947
1.02249
0.977091
1.00966
0.982519
1.02891
0.956858
1.00028
0.971169
0.970676
0.983013
1.01953
0.997324
0.976597
0.992389
1.00917
1.02002
0.996337
1.01262
0.987947
1.02348
0.979065
1.01657
0.990415
0.996337
0.974623
1.01114
1.02792
1.00867
0.999297
1.05901
0.990908
1.00473
1.00275
1.02792
1.03236
0.975117
1.00522
1.00719
1.01311
0.994856
0.967715
1.00966
0.98548
1.00127
1.01015
1.03137
0.997817
1.00325
0.997324
0.990908
1.00423
1.02446
0.971663
1.022
1.01608
0.956365
0.97413
1.01114
0.965741
0.986467
0.977091
0.984987
0.998804
1.00325
0.984493
1.00966
0.981532
1.00275
1.01015
1.00917
1.00818
1.00867
1.01608
0.982026
1.00917
0.99535
0.997324
1.00621
0.989921
1.00127
1.03236
0.987454
0.984493
1.00818
1.00078
1.01904
1.00176
1.01015
0.982519
0.99831
0.998804
0.997817
1.00374
1.01904
0.980545
0.983506
0.976104
0.994856
1.00818
1.00127
0.983506
0.993869
0.977584
0.987947
0.970676
1.01805
0.992882
1.00571
1.02595
0.989921
0.996337
0.978571
0.999297
0.992389
0.990415
0.974623
0.985973
0.975117
0.989428
0.99831
0.969689
1.01262
1.01657
0.982519
1.00719
1.00028
1.01756
0.981039
1.01854
1.04766
0.997817
0.99831
0.992389
1.02052
0.998804
1.00325
0.985973
1.01608
0.978571
1.00423
1.01065
1.01262
0.98696
1.01163
1.00966
1.00028
0.974623
1.02644
0.98548
1.00917
1.00966
0.99535
0.955871
0.994856
0.990415
0.976104
0.982026
0.990908
0.992882
0.976597
0.999297
0.984
1.01558
1.02052
1.01558
1.02841
0.978571
0.997324
0.984987
1.00423
0.97413
1.0067
1.00325
1.00867
1.03384
1.02298
1.02841
1.00325
0.971663
0.963767
0.997817
0.993869
0.948962
0.976597
0.98696
1.01311
1.01163
1.0141
1.022
1.02743
0.992882
0.984987
1.00571
0.990415
1.01558
1.00374
1.01163
1.0373
0.989921
1.01756
1.00275
1.00719
0.984493
0.987454
1.0146
0.983506
0.991895
1.00522
0.991402
0.993376
1.00226
0.967715
1.03039
0.929717
1.03483
0.974623
0.991895
0.972156
1.01015
1.03236
0.983013
0.982026
0.992882
1.0215
0.997817
1.0067
1.01509
1.01558
0.971663
0.991402
0.969689
1.00325
0.98696
0.965247
1.01114
1.00325
0.993869
0.999791
0.984493
1.01163
1.00473
0.981532
1.00374
0.989428
0.99683
1.02249
1.00621
0.984493
0.97265
0.978078
0.988934
0.96278
0.988441
1.00769
0.98696
1.01953
1.01163
1.01805
0.998804
0.988934
0.981039
1.00176
0.991895
0.990415
1.01311
0.983506
0.994856
0.994856
0.97265
1.01608
0.978078
1.00028
1.00127
0.99831
0.998804
1.03088
0.979065
1.01361
1.02298
1.02298
0.987454
1.00621
1.00423
0.991402
1.00028
1.01657
0.982519
1.00621
1.03581
0.977584
1.0215
1.01904
1.01706
1.04124
1.02052
0.999791
1.00473
1.01262
1.0146
0.984493
0.978571
0.990908
1.00473
0.985973
0.990908
0.980052
0.999297
0.979558
0.983013
1.00917
1.02101
1.00028
0.994363
1.00719
1.00028
1.00917
1.01904
0.997817
0.994856
0.987454
0.986467
1.0146
0.999297
0.991895
0.975117
0.990908
1.00127
1.00275
1.01213
0.992882
1.02595
0.997324
0.993869
1.0146
1.01805
1.00719
1.02595
0.981039
0.990908
0.963273
0.99683
1.01262
1.00176
1.00473
0.98548
1.02397
1.00325
0.999297
1.01904
1.0141
0.982026
0.964754
1.03335
1.00769
0.993376
0.984493
1.00078
0.986467
1.01854
1.00374
1.00176
1.00522
0.984987
1.00226
0.995843
0.982519
0.998804
1.02693
0.989428
0.97413
0.998804
1.00473
0.992389
0.974623
0.989921
1.03088
0.999791
1.00571
1.01213
1.02496
1.00078
1.0141
1.02249
0.989428
1.00127
1.00867
0.997324
0.978571
1.01706
0.974623
1.01657
1.0146
1.00028
0.978078
1.02002
1.00867
1.01657
0.994856
1.0141
0.989428
1.00374
1.0067
0.988934
1.01854
1.03532
0.994363
0.994856
1.00423
0.990908
1.02002
1.01262
1.01805
1.00966
0.971169
1.00522
1.00917
1.03384
0.992882
0.998804
1.00719
0.976597
0.982519
1.02743
1.00867
0.988934
0.984987
1.00719
0.992882
0.979558
0.99683
0.983013
0.98696
1.00571
0.997817
1.02792
0.994856
0.967221
1.00522
1.022
1.01608
1.03236
0.959326
1.01756
1.00028
1.00473
0.972156
1.00719
0.999297
1.022
0.963767
1.02249
0.987947
0.997817
0.976597
1.00226
1.01509
1.01262
1.01509
1.03631
0.988441
0.971663
1.00423
0.984987
0.98696
0.992882
0.988934
1.00621
0.988934
1.00275
0.982026
1.02743
0.993376
0.985973
1.00621
1.01509
0.98548
0.980545
0.974623
0.984493
1.00028
1.02446
1.02052
0.968208
1.03581
0.979065
0.998804
1.00374
0.994856
1.03631
0.992389
1.00769
0.97561
0.999297
1.00028
1.00028
1.00176
1.01558
1.01953
1.01953
0.984987
1.0146
0.98696
1.03532
0.99535
0.996337
1.00917
1.01953
1.02743
1.02101
1.0141
0.977584
1.00078
1.01953
0.987454
1.02792
1.01756
0.99831
0.999297
1.01756
0.988934
0.989428
0.997817
0.989921
1.00473
1.0368
0.991402
1.01657
0.999297
0.971169
1.02101
1.00078
1.02496
0.990415
0.998804
1.00226
1.00966
0.999791
0.983506
1.0373
1.01361
1.02792
0.995843
0.991402
0.991402
1.01361
1.01657
0.989428
0.981039
0.995843
0.992882
1.00374
1.01163
1.00028
1.00769
0.968208
1.00127
1.0146
1.02644
0.975117
1.04124
1.00719
1.01854
0.983506
1.01065
0.981532
0.99831
1.02792
1.03581
1.02693
1.01953
1.01311
0.99683
0.980545
1.0067
1.00769
0.981039
1.01114
1.00176
1.00028
1.01558
1.00127
1.00423
1.00522
1.02792
0.994363
0.989921
0.991402
0.999297
1.01558
0.97561
0.966234
0.990415
0.990415
0.968702
0.992389
1.00325
1.02348
0.99535
1.00176
0.989921
0.990908
0.99831
1.0141
1.0368
0.990415
1.02841
1.00423
1.00621
1.00769
0.981039
0.993869
0.982026
0.963273
1.00917
1.03039
0.99683
0.984
0.994856
0.99831
1.00522
0.98696
0.990908
0.983013
1.00867
0.989921
1.00473
1.00028
0.976104
0.98696
1.00275
0.988441
0.991402
0.986467
1.01114
1.01361
0.974623
0.99683
1.00028
0.98696
0.988934
0.99683
1.00571
1.04963
0.991402
1.00176
0.996337
0.980052
0.994363
1.01065
1.022
0.985973
1.0215
0.971663
0.956858
0.991402
0.997817
1.01163
1.00769
1.00176
1.02249
1.02298
0.982519
1.00818
1.01311
1.02446
1.01805
1.00917
1.00374
0.988441
1.03483
0.97265
1.02446
0.978571
0.974623
1.02298
1.01213
1.00571
1.00473
0.991402
1.00621
0.990908
1.00078
1.01114
0.997324
1.00226
0.997817
1.01558
0.989428
0.984493
1.01904
1.01509
0.994856
1.01262
0.999297
0.999791
0.986467
0.993376
0.982026
1.00423
0.988441
0.985973
0.989428
1.01065
0.992389
0.966234
0.971169
0.970182
1.01015
0.972156
0.992882
0.979558
1.01805
1.00423
1.03039
1.00719
0.988441
0.961793
1.03483
1.01213
1.01262
1.01706
0.98548
0.979558
0.975117
0.989428
1.01311
1.00423
0.989428
1.01608
1.00028
1.00719
1.00423
0.994363
1.05555
1.01361
0.994856
1.02644
1.01608
0.999791
0.997817
0.991402
0.99683
1.02743
0.983013
0.985973
1.01213
0.963767
0.991402
0.987454
0.998804
1.00325
1.00275
0.991895
1.00176
0.940573
1.00818
0.971663
0.997324
0.991895
1.00275
1.01163
1.00423
0.99683
1.00374
1.01509
0.993869
1.00423
0.978571
0.984987
0.98548
0.980052
0.983506
0.999791
1.01904
1.00078
0.988934
0.990908
1.02397
1.00226
0.974623
1.02052
0.975117
0.995843
1.00522
1.00719
1.01854
0.996337
1.00325
1.00325
0.984987
0.999297
1.00917
1.01608
0.969689
0.986467
1.0146
1.01854
0.978571
1.01114
0.97265
1.00028
0.976104
0.958339
1.02891
0.983013
1.0141
1.02989
0.960806
0.994856
1.01657
1.00917
0.963273
1.00966
1.01756
0.994856
1.01361
1.00621
0.998804
0.99535
0.99831
1.02496
0.996337
1.0294
0.968702
1.0141
0.989428
0.998804
1.00275
0.982026
1.01509
1.02693
1.02348
1.01163
1.00176
1.00028
1.01953
0.99683
1.01163
1.00325
0.978571
1.0368
1.00818
1.00275
1.01262
0.999297
0.976104
1.00275
1.00769
1.01015
0.969195
0.989921
0.99831
0.997324
1.00867
1.01657
1.00078
0.978571
0.990415
0.982026
0.993376
0.990415
0.99831
0.984
0.984493
1.01608
0.999791
0.989921
0.99831
1.00325
1.00719
1.02101
0.999297
0.987454
1.00374
0.983013
1.01015
1.02693
0.982026
1.03137
1.01065
1.01262
1.00473
0.99831
0.968208
0.984
0.991895
0.98696
1.02545
1.00917
0.99831
0.978078
1.00818
1.00966
1.00423
0.977091
1.01756
1.01756
0.98696
1.022
0.977091
0.98548
0.991895
1.02595
0.978571
0.977584
1.02052
0.98548
1.01311
0.973143
1.00818
1.00621
1.02002
0.978078
0.996337
1.00374
0.969689
0.980052
0.977584
1.01015
0.990415
0.981039
1.00719
0.99535
0.983506
1.01065
0.999297
1.00127
0.984
1.00719
1.00769
0.984493
0.991402
0.963273
1.02545
0.998804
1.02841
1.00818
1.02101
1.00769
0.988934
1.0141
1.00176
0.99831
0.970676
0.972156
0.989921
0.984493
1.01756
0.988441
0.996337
0.98696
0.999297
0.989921
0.993376
1.00522
0.989921
1.0368
0.997817
0.989921
0.997817
1.01756
0.999297
1.01361
0.961299
1.00966
1.03581
0.997817
0.98548
1.03187
1.00374
1.01163
0.982519
0.999791
1.00473
1.00176
1.0294
0.990415
1.00571
0.979558
0.996337
0.996337
1.02052
0.999297
1.00719
0.981532
1.00522
0.96426
0.990908
1.01213
0.979558
1.00374
0.997324
1.01953
1.0067
0.999297
0.992882
1.01114
0.990908
0.996337
1.0215
0.994363
1.02397
1.00078
0.983506
0.99831
1.00078
0.980545
1.00176
1.01163
1.00621
0.97265
0.990908
1.05753
1.01756
0.989921
1.00818
1.00621
1.01706
0.976104
0.989921
1.04272
0.983506
0.984493
0.970676
0.967715
0.977584
0.964754
1.04568
0.97265
1.00127
1.00325
0.993376
1.03088
1.02989
0.974623
1.02298
1.00226
0.988441
0.977584
0.999791
0.990908
1.01805
0.99683
1.022
1.0146
0.994856
0.979065
0.99535
0.972156
0.995843
1.01065
1.01065
1.00176
1.01608
1.02002
1.01706
1.01558
1.00275
0.999791
0.96426
1.00571
0.992389
0.984493
0.977091
1.01509
0.990908
0.989921
1.00818
1.02545
0.982026
0.982026
1.00769
1.00621
1.00867
0.993376
0.984987
0.994856
1.01114
1.0067
0.963273
1.01953
1.01904
1.00226
0.993869
1.0067
1.01163
0.995843
0.976597
1.0294
1.01114
1.00473
1.01854
1.00571
0.984493
0.98696
0.992389
0.966234
1.00374
0.990908
0.996337
0.99831
1.00127
0.98548
1.00374
1.01213
0.999297
1.03581
0.99831
0.992882
1.00423
1.00917
1.00867
1.00226
0.990908
0.99831
0.996337
0.983506
0.980052
0.990908
1.00275
0.995843
1.01311
0.997817
0.970676
0.958339
0.968208
0.968208
0.991895
0.989921
1.00769
0.999297
0.993376
1.00275
0.989921
1.00127
1.00226
0.984
1.00522
1.00966
0.995843
0.97561
0.994363
1.01262
0.987454
0.971663
1.01015
0.980052
1.01904
1.01361
0.99535
1.00867
0.974623
0.997817
1.01805
1.00176
1.03088
0.958832
1.00522
1.00226
0.99831
0.985973
0.993869
0.981532
0.991402
1.02743
1.0215
0.965741
0.992882
0.973636
0.994856
1.01953
0.99535
1.01015
1.0215
0.993869
0.968702
0.978078
0.990908
1.0067
0.98696
1.00522
0.999791
0.987947
0.995843
1.00621
0.999297
1.01608
0.997817
1.02989
1.01065
1.01065
0.981532
0.981532
1.01015
0.994856
1.00226
0.979065
1.00917
1.00522
0.99683
1.01608
0.970676
0.987947
1.02101
1.00867
1.03483
1.02693
1.00867
1.01015
1.00374
1.01756
0.968702
0.982519
0.97413
1.01558
0.997817
0.990415
1.02446
0.986467
1.00226
1.00818
1.01361
0.991402
0.980545
0.988934
0.965247
0.95291
0.98696
0.999297
1.00867
0.977584
0.969689
1.00176
1.01756
0.981039
0.963273
1.00867
1.02693
0.994856
0.999791
1.01163
0.972156
0.999297
0.987947
1.02397
0.985973
0.97265
0.992389
0.985973
0.958339
0.990415
0.994856
1.01361
1.00127
0.97265
0.984493
1.00078
1.01311
0.967221
1.00818
0.987947
1.00176
0.997817
0.99535
1.01065
1.00226
0.994856
0.973143
0.987947
1.00719
1.00028
1.03039
1.01805
0.973636
1.00127
0.989428
1.00325
1.04026
1.0141
1.00423
1.01361
1.02693
0.993376
0.990415
0.967715
1.01706
0.999297
1.0215
1.01361
0.993376
0.988441
0.976597
1.01854
1.00867
1.01163
0.988934
1.00571
0.979065
1.00275
0.971169
0.993376
0.997817
1.00719
1.00818
0.996337
0.987947
1.00078
0.986467
0.987454
0.999791
1.01163
1.00719
1.01608
1.01706
1.02249
1.02891
0.993376
0.978078
1.00028
1.00078
1.02743
0.981039
0.984493
1.00917
1.00522
0.994363
1.02595
0.973143
1.01065
1.00818
1.00127
1.00028
0.995843
1.00917
0.993376
0.959326
0.985973
1.00028
1.01311
0.989921
0.996337
0.975117
1.00374
1.01608
0.999791
1.00423
0.972156
0.988934
1.0146
1.01756
0.981039
0.96278
0.982519
0.99535
0.98696
1.00028
1.0067
1.0215
0.983013
1.00571
1.02545
1.00867
1.01311
1.022
1.00867
0.992882
1.01509
0.968702
0.997324
1.01558
0.994856
1.02545
0.991402
1.00621
0.991402
1.0067
1.04124
1.03433
0.999791
0.96278
1.00769
0.990415
0.983013
1.02989
0.969689
1.00028
1.01904
0.984
1.01163
0.99683
0.992389
0.992389
0.965247
0.990908
0.973143
0.99535
0.977091
1.00374
0.990908
0.994856
1.01558
1.01904
0.975117
0.999791
0.986467
0.949949
1.022
1.02397
0.997817
0.991895
0.956858
0.977584
1.00867
1.00423
1.01213
0.98548
1.02052
0.99683
0.98548
1.00325
0.992882
0.987454
1.02446
0.999297
1.00818
1.02002
0.997324
1.00226
0.990415
1.022
0.98548
1.02002
0.97561
1.01361
1.02545
0.995843
0.987947
0.99831
1.0141
1.04075
1.00028
0.971169
1.02397
1.00028
0.988441
1.00917
0.987947
1.0146
0.999297
0.98548
1.01756
1.00818
1.00571
0.988441
0.969195
0.961793
0.997324
1.04075
1.03927
1.00127
0.987947
0.999297
1.00374
0.979558
0.97561
0.985973
0.99535
0.997324
0.991895
1.02298
0.999297
1.02792
0.992882
1.01608
0.997817
0.998804
0.981532
1.02545
1.00966
0.974623
1.02348
1.00621
1.00028
0.977584
0.987454
1.03187
0.993376
0.992882
1.00867
0.990415
1.00325
0.982026
0.97265
0.989921
1.02249
0.99683
1.01311
1.00769
0.990908
1.00028
1.02446
0.994856
0.989428
0.98696
1.00571
0.973636
1.00966
1.01558
0.995843
0.993869
0.99683
0.989428
1.00769
1.04075
0.994363
1.0067
1.00078
1.00522
1.01904
0.994856
1.02496
1.01657
1.01114
0.981532
1.01608
0.963273
1.00917
1.022
1.01756
1.02249
0.999791
1.01065
0.997324
1.00423
0.997817
1.00522
0.979558
1.0067
0.99683
1.00127
1.00028
1.03532
0.994856
1.02249
1.00127
0.993869
1.01854
0.990415
1.00917
0.955378
0.983506
0.998804
1.00127
1.0067
1.01657
0.998804
0.991402
1.02052
1.01706
0.989428
0.984
1.01608
0.986467
1.01657
0.987454
0.99535
0.992389
1.00621
0.989428
0.982519
0.988934
0.999297
0.994856
1.00374
0.990908
0.989921
0.993869
0.997817
1.02002
0.989428
0.972156
1.00522
0.99535
0.96278
0.978078
1.00769
0.981532
0.996337
0.962286
1.01657
1.00473
1.03532
1.00867
0.999791
0.994856
1.00571
1.01213
1.0373
0.994363
1.01953
1.02496
1.02348
0.979065
0.979558
1.0141
0.974623
0.965247
0.970182
1.0067
0.990415
1.01213
0.971663
0.990908
1.022
0.997324
0.990908
0.99831
0.992389
0.976104
1.01361
0.999791
0.998804
1.01262
1.02496
0.999791
0.963273
0.99831
0.984493
0.988934
1.0141
0.988441
0.989428
1.01163
1.02644
0.997324
0.984
1.00275
1.01015
0.987947
1.01805
1.00571
0.977584
1.02298
0.975117
1.00078
0.992882
0.990415
0.969195
0.984493
0.984987
1.01805
0.982026
0.994363
1.00127
0.990415
1.02348
0.992882
0.987947
0.962286
0.993869
0.999791
1.01706
0.96426
1.00621
1.01361
0.982519
1.01361
0.999791
1.00522
1.02743
1.00522
0.993376
1.00374
1.01065
0.988441
0.991895
1.00818
1.01065
1.00769
0.992389
1.01311
1.00226
1.01509
1.00028
1.00917
0.984493
0.996337
0.98696
0.970676
0.965741
1.02348
0.976597
1.00917
0.988441
1.00325
1.00028
0.988934
0.977584
0.979065
1.00818
1.01213
1.01756
0.983506
1.00621
0.991402
0.970182
1.01904
1.0067
1.00127
1.00275
0.955871
1.0067
1.03483
1.00226
1.00028
1.01953
0.984493
0.971663
0.993376
1.00917
0.992389
1.00325
0.975117
0.972156
0.987454
0.996337
1.0373
1.00176
1.02002
0.996337
0.963273
1.01706
0.994363
0.974623
1.00176
1.03878
0.994856
0.988934
1.01163
1.0146
0.990908
1.00769
0.97561
0.988441
1.00621
0.986467
1.02002
1.00818
1.05259
1.01805
1.01854
0.977584
0.993869
0.993869
0.99831
1.02397
1.0146
1.02595
1.01608
1.02397
0.989921
0.997817
0.986467
0.991895
0.987947
1.0215
0.981532
1.04865
0.98548
0.986467
1.00917
1.0146
0.984987
0.99683
0.96278
0.981532
1.03039
0.992389
1.00522
0.990908
0.985973
1.00769
1.01311
0.989428
0.976597
1.00226
0.965247
0.976104
0.98696
0.981532
0.981532
0.997324
0.971663
0.994856
0.984493
1.0146
0.983506
0.99535
1.02052
0.999297
0.990415
0.989428
0.997324
1.00275
0.98548
1.01262
1.00176
0.955378
0.984
0.980052
0.99831
1.00127
0.993869
1.01509
0.976104
1.0442
0.984493
0.985973
1.01608
1.022
0.999297
0.965247
0.981532
0.984
1.00325
0.987454
0.990415
1.01854
0.992389
1.01558
1.00176
1.01509
1.00028
1.00473
1.00374
1.02052
1.01262
0.976597
1.03779
1.01904
1.00719
1.02101
1.02298
1.01904
1.02249
0.984493
1.03828
1.02397
0.970182
0.967221
1.00473
1.00917
0.997324
0.987947
0.99683
1.0373
0.991402
0.973143
1.00966
1.0294
0.985973
0.983013
1.02545
0.984493
0.979558
0.968702
1.00473
1.02545
0.990908
0.994363
0.997817
1.04272
0.960313
0.977091
1.02989
1.02002
0.996337
0.998804
1.00028
0.973143
1.00917
0.998804
1.00325
0.987947
0.982026
1.00769
0.965247
1.02002
1.02545
1.00571
0.998804
0.978571
0.983013
0.988441
0.99831
0.99535
1.00966
0.994856
0.992389
0.97265
0.981532
0.991402
1.01311
1.03236
0.982519
1.03976
0.974623
1.00621
1.01163
0.97561
1.01065
1.00423
1.01163
0.99535
1.02743
0.981039
1.02644
0.98548
0.982519
1.01657
1.00571
1.00028
0.987454
1.02693
0.982519
0.99683
1.00966
0.999297
0.993869
1.00621
0.998804
1.01015
0.969195
1.01805
0.999297
0.989428
0.997817
0.968208
1.02644
0.992882
1.00423
1.0146
1.01311
0.973143
0.995843
0.995843
0.987947
1.02298
0.97561
0.984
1.01657
0.988441
1.03483
0.986467
0.999791
0.987454
1.01065
0.976104
0.979065
0.992389
1.01114
1.0141
0.99535
1.0141
0.992882
0.995843
1.00374
0.998804
1.01114
0.971169
1.01558
1.00028
0.983013
0.99535
0.991402
1.01904
0.973636
0.995843
1.00078
0.958832
0.956365
0.994856
0.965247
0.998804
1.01015
1.02841
1.01805
1.0215
1.01706
1.00818
1.0146
1.00818
0.993869
0.997817
1.00818
1.02002
1.00867
1.01065
1.01015
0.991895
0.968702
0.985973
1.02693
1.00917
1.0067
1.01558
1.02397
0.989921
1.02446
1.00374
0.987947
1.02446
0.981039
1.01114
0.993869
1.02348
1.00127
0.976597
0.995843
0.989428
1.00867
0.98548
1.0141
0.999297
0.983506
1.01163
0.987454
0.996337
1.01756
0.998804
0.977584
0.994856
1.01805
0.995843
0.992389
1.0294
1.00473
0.986467
1.02792
1.00028
0.966728
1.00176
1.00966
1.02446
1.00818
0.992882
1.01706
0.99831
0.984493
1.01805
1.00374
1.0067
1.00522
0.992882
1.01904
1.01953
0.99535
0.982026
1.00966
0.984987
1.00028
0.984987
0.985973
0.982519
1.00867
1.00571
0.98548
0.999297
1.01558
0.993869
0.98548
0.987947
1.0141
0.99683
1.03137
1.00127
1.00571
0.967715
1.01608
0.989921
0.981532
0.99683
0.987454
1.00719
0.99535
0.965247
1.01065
0.99535
1.00818
0.997324
0.995843
1.01854
1.01756
0.99535
1.00571
1.01163
0.984987
1.00621
1.00621
1.0215
0.99831
0.992389
1.02298
0.973143
0.994856
1.02545
1.0141
0.996337
1.0067
1.03433
1.03088
0.983013
1.00522
0.955871
1.00275
0.969689
1.00719
0.944028
1.01311
1.0215
1.00473
1.00522
1.0067
1.00522
0.991402
0.979558
0.985973
1.00374
0.973143
0.993869
0.983013
1.01558
1.03828
1.00522
1.01065
0.971663
0.989428
1.0141
1.00423
0.997817
0.965247
1.04322
1.00127
0.988441
0.982026
1.00275
0.993376
1.02002
0.993376
1.00719
1.0146
0.995843
0.99683
1.00571
1.01213
1.02298
0.992389
1.00176
1.02545
1.01509
0.994363
0.97413
0.98548
0.996337
0.99683
0.95143
0.987454
1.01657
1.01163
1.00226
0.98696
1.00571
0.984
1.03433
1.00275
1.01509
1.00473
0.990908
0.989921
1.00078
1.01558
0.998804
0.983013
1.01558
0.98548
0.980052
1.00028
1.02496
1.00867
1.00473
0.992389
0.991895
0.996337
0.981039
0.97413
0.987454
0.98548
0.984
1.00028
1.01509
1.02298
0.997324
0.984987
0.971663
1.0294
1.00769
1.00621
0.982519
0.979065
1.00621
1.0067
0.989428
0.98696
0.980052
1.022
0.966234
1.01311
0.98696
1.03384
0.991402
1.00028
1.00127
1.01706
1.04865
1.00719
1.03088
0.976597
0.978571
1.03039
1.01756
1.00226
0.98696
1.01213
0.992882
0.996337
0.991895
0.979558
0.991402
0.986467
0.994856
1.04223
0.969195
1.00571
0.971663
1.00275
0.993376
0.993376
0.980545
0.993376
0.988441
1.01213
1.01213
1.01558
0.999297
0.979558
1.02101
1.01953
0.97265
1.02644
1.01311
0.981532
1.02298
1.00818
1.0294
1.00966
0.979065
0.969195
0.996337
0.994363
1.01805
1.02595
0.992882
0.998804
1.01361
0.988441
1.022
1.02644
0.984
0.989921
0.998804
0.989921
0.992882
0.992389
1.01262
1.0294
0.999791
0.991895
1.01805
0.981039
1.01657
1.00522
1.00078
0.99831
0.97265
1.00325
1.01361
0.993869
1.00522
1.01262
0.99831
1.00818
1.02595
0.986467
0.977091
1.01706
0.982519
0.98548
0.99831
0.997817
1.02644
1.0141
1.03828
0.977584
0.986467
0.973636
0.990415
0.99831
0.998804
1.00966
1.00423
0.981532
0.974623
1.01805
1.0146
1.01854
1.02446
0.984
1.00867
1.0067
0.98548
0.990908
1.01065
1.00522
0.971663
1.00028
1.022
0.995843
0.99683
1.03927
1.00571
1.00078
0.993376
0.977584
1.01706
1.00818
0.983013
1.02446
0.996337
1.00226
1.00522
0.965741
0.982026
0.977091
0.981039
0.981039
0.966234
0.99683
0.979065
0.989428
1.03631
1.02249
1.00571
1.02545
1.04026
1.00917
0.999791
0.976597
0.992882
0.990908
0.990415
0.999297
1.01805
1.00473
1.01904
0.992882
1.00818
1.02693
0.995843
0.989921
0.981039
1.00769
0.993376
0.992389
0.999791
1.00867
1.00769
1.01262
1.04026
1.00127
0.987947
1.0067
0.991895
0.978571
0.997324
1.02891
0.984
1.01657
1.01509
0.992389
1.022
0.969195
0.991895
0.992882
1.00571
0.99535
1.01509
1.00719
0.978078
1.00078
1.04568
1.00226
0.976104
1.00423
1.00571
0.979558
1.0141
0.992882
1.00818
0.969195
0.99535
0.982026
0.982519
1.01311
1.01558
0.994363
1.0146
0.967715
1.02496
1.02496
0.994363
1.02298
1.00226
1.0215
1.00719
1.01756
0.980052
1.02595
0.99683
1.00867
1.00867
0.994856
1.01311
0.974623
1.02002
0.981532
1.02792
1.01706
1.03433
0.986467
1.00522
0.968702
0.994363
1.00621
0.98696
0.989921
0.984
0.983013
1.00473
0.991402
0.983506
1.00078
1.00571
1.00226
0.98696
1.02249
0.994856
1.00621
1.0215
0.995843
1.01114
1.00917
1.00719
0.983013
1.02545
0.994856
0.971169
0.997817
1.02052
0.982026
0.997817
1.00028
1.00621
0.988441
0.953897
1.00867
1.01953
0.990415
0.983506
1.01805
0.999297
0.993376
0.99683
1.00522
0.993869
1.03088
0.994363
1.00028
0.959819
1.0215
0.994363
1.03236
0.973636
0.997817
1.01311
1.00621
0.984493
1.00917
0.98696
0.970182
1.0141
1.01657
0.976104
1.0067
0.993376
0.98548
0.999791
1.00719
0.969195
0.971169
0.987947
1.02644
0.991402
1.01558
0.975117
1.01163
0.989428
1.01163
0.984
1.02101
0.980052
1.00325
1.00028
0.981039
1.02298
0.984
1.00522
1.01706
1.01657
0.98548
0.980545
1.00867
1.00966
1.00867
1.0215
0.972156
1.02693
0.99535
0.990415
1.02446
0.967221
1.00621
0.990908
0.992389
0.990908
0.984493
0.983506
0.99683
0.960313
1.03039
1.0141
0.994856
1.03137
0.993869
0.990415
1.01015
1.03631
1.00028
0.987454
0.999791
1.01953
0.997324
0.977584
0.977091
1.01756
1.00423
1.00325
0.995843
1.0146
0.984
0.980545
0.991895
0.972156
0.98548
1.00818
1.02348
0.991895
0.999791
0.988441
1.02101
0.984493
1.01361
1.00226
0.992389
0.986467
0.97561
0.968208
1.03927
1.01608
0.988441
1.022
0.971663
0.993376
0.984
0.968702
0.979558
0.999297
1.00473
0.98696
1.01065
1.02841
1.01706
1.0067
0.991402
1.02002
0.980052
1.01904
0.991895
1.03433
0.995843
1.00522
0.989921
1.01805
0.999297
0.992882
1.02298
0.984493
1.00176
1.00028
0.991895
0.988934
0.99535
0.97413
0.971663
1.02298
0.998804
1.01756
0.99831
1.01213
0.99683
1.00473
1.01361
1.00867
1.00621
1.0146
1.01311
0.988934
0.992389
0.997324
0.997324
1.00966
0.965741
1.00818
1.0215
1.04272
0.998804
0.974623
0.989428
0.999791
1.03039
1.01114
1.02298
1.00769
1.03236
0.981532
0.994363
1.02545
0.993869
1.00325
1.00917
1.00374
1.01262
1.00374
0.983506
0.984987
1.01706
0.994856
0.998804
0.998804
0.99683
0.97561
1.02496
0.996337
1.01114
0.978078
0.982519
0.986467
1.00374
1.03335
0.993376
0.992389
1.02348
0.997817
1.01015
0.987454
0.984493
1.00127
1.00769
0.980052
1.0067
1.00769
1.01756
1.01163
1.00078
0.98548
1.00818
1.01805
0.976597
1.00966
1.00028
1.02101
1.00867
0.972156
1.01854
0.956858
1.00818
1.01657
0.995843
0.984987
1.00621
1.02397
0.963767
0.994363
0.985973
0.991895
1.00226
1.01706
0.978078
0.992882
0.977584
1.01311
0.958339
0.991402
0.979558
0.995843
1.02545
1.02496
1.02891
1.00818
0.988934
0.986467
1.00473
1.00917
0.988441
0.986467
1.03285
1.02348
1.01608
1.01311
0.997817
0.978571
1.01953
0.992882
0.987454
0.990415
0.991402
1.02397
0.965741
1.01608
0.991402
1.00571
0.982026
1.00423
1.01163
1.00571
0.98548
1.00028
0.992389
1.00867
0.980052
0.976597
1.00818
0.98548
1.02693
1.04124
0.967715
1.02002
0.997324
0.998804
0.992389
1.00621
0.993376
0.976597
0.981039
1.00325
0.98548
0.990415
1.02446
0.993869
1.00078
1.00719
1.01558
0.987947
1.02002
0.978078
1.01213
0.997324
0.99683
0.973636
0.97561
0.965247
0.99831
0.993869
0.980545
1.01706
0.968208
0.983013
0.99683
1.01854
0.966728
0.988934
0.984
1.00275
1.04519
1.02545
0.994363
1.01065
1.00028
1.01015
0.950936
0.971169
0.996337
1.00078
1.00867
1.00769
1.01114
0.990415
0.983506
0.993869
1.02101
1.00078
1.00917
1.01065
1.03532
1.0146
1.00176
1.01114
0.96278
0.978078
1.00522
1.02989
1.0215
1.00127
0.95291
0.984987
0.999297
0.969689
1.02397
0.97265
1.02595
0.981039
1.00473
0.993869
0.969689
1.00275
1.00275
1.01756
0.984987
0.997324
0.987454
1.0146
0.98548
1.02249
0.998804
0.972156
0.99535
0.989428
1.00522
1.0146
1.01311
0.972156
1.04322
0.990908
0.997817
1.01361
0.99535
1.01065
1.01065
0.993869
0.993376
0.994856
1.00473
0.99535
0.999791
0.997324
1.00917
1.02052
0.99831
1.02496
1.00028
0.991895
1.00818
0.994856
1.01657
1.02101
1.00621
0.990415
1.02496
1.02249
1.01805
1.00374
0.967221
0.99683
0.999297
1.00867
0.961793
1.03483
0.999791
1.01065
1.01805
1.00966
1.01065
0.985973
0.993376
0.992389
1.0141
0.99831
1.00176
1.01213
1.00275
1.00176
0.986467
1.00621
1.02397
1.00719
0.993869
1.01262
1.00275
1.00621
0.988441
1.00325
1.00325
1.00571
1.01311
0.993376
0.999297
1.00423
1.01756
1.01015
1.00522
0.991402
0.970676
0.979065
1.02002
1.00374
0.967715
0.984987
0.977584
0.980052
1.00966
0.992389
0.979558
0.970182
0.978078
0.997324
1.03285
0.990415
0.992882
0.970676
0.991895
1.01114
0.996337
0.966728
1.00127
1.00374
0.985973
1.01311
0.984
1.00867
1.00621
0.984987
0.984987
0.995843
0.995843
0.999297
1.02446
0.98548
1.00867
1.00473
0.983506
1.02298
1.00374
1.01065
1.01657
0.994363
1.03335
0.989921
0.982026
1.00769
0.984493
1.01558
0.999791
0.977584
1.00176
1.00571
0.993869
0.989428
1.01608
0.981532
1.00571
1.00966
1.00522
1.02397
0.991895
0.989428
1.00818
1.02101
0.971169
1.04717
0.999297
0.980052
0.99535
0.994856
1.00176
0.999791
0.983506
1.01904
1.00275
1.00571
0.999791
1.03927
1.01558
1.022
1.00473
0.992882
0.991895
0.999791
1.02348
1.01065
1.00374
0.993376
0.99831
1.0067
0.978571
1.01163
1.00275
1.0294
0.983013
1.01163
1.0146
0.995843
0.989921
0.974623
1.01756
0.996337
0.987947
1.00374
0.994363
1.02002
0.967221
1.00226
1.00176
0.988441
1.01213
0.989921
0.987454
0.982026
0.990415
0.97265
0.988934
1.01065
1.00028
1.00028
0.999297
0.986467
0.997817
1.02693
0.979065
0.969689
1.01706
0.987454
1.02891
0.996337
0.988441
1.01163
0.992882
1.00571
1.00226
0.982519
0.993376
0.976597
0.99535
1.00621
1.02397
0.994363
1.00325
1.03335
0.981039
1.00769
1.01904
0.970676
0.982026
0.985973
1.00917
0.99535
1.01509
1.03384
0.992389
1.01706
1.0141
1.0141
0.994856
0.981532
0.979558
1.00176
0.992389
0.982026
0.997817
0.999297
0.995843
1.02298
0.963273
0.971169
0.986467
0.967221
0.992882
1.00966
0.997817
0.98548
0.946002
0.980052
0.997324
0.994363
0.980545
0.988934
0.994856
1.02693
1.00374
0.980052
0.996337
0.995843
0.985973
1.00917
1.00966
0.982026
1.02693
0.989428
1.00275
1.00325
1.01163
0.990908
1.00374
0.99831
0.98696
1.022
0.996337
1.02644
1.01854
1.0141
1.00127
1.01311
1.00028
1.0067
1.01015
1.00226
1.0215
1.00275
0.999297
1.00522
0.977091
0.993869
0.978078
0.975117
0.999791
0.982026
0.977091
0.999297
0.97413
1.02348
0.982519
0.996337
1.00867
0.973143
1.0146
1.01361
1.00078
0.980052
0.998804
1.01213
1.00374
1.01262
1.00621
1.00176
1.01361
1.0146
1.01163
1.02298
0.984987
1.03631
0.99683
1.04815
1.00176
0.99683
0.991895
1.01854
1.01163
0.988934
1.00078
0.995843
1.01065
0.983506
1.02545
0.968702
1.02446
1.02298
1.00818
1.02989
0.96278
0.99831
1.00917
1.00719
0.987454
1.03483
0.996337
0.991895
0.993376
0.994363
0.982519
0.986467
1.01558
1.01805
1.0067
0.992389
1.00226
1.01015
1.01361
0.971169
0.98696
0.971663
1.05605
1.01854
0.991402
1.00127
0.988441
1.00176
1.03039
0.995843
0.986467
1.00621
1.01904
0.979558
1.00374
1.00473
1.01904
0.995843
0.984987
1.00226
0.966234
1.01509
1.0067
0.987947
1.01163
0.994856
1.00028
0.974623
1.00325
1.00028
1.00473
0.970676
1.00719
1.01854
1.03483
1.00275
1.02743
1.00867
0.989921
0.988934
0.983013
1.00867
1.00966
0.99831
1.03878
1.00917
0.982026
1.03483
0.988441
0.983013
1.01854
1.00078
1.00078
0.988441
0.987947
1.01311
1.00867
1.03088
0.99535
0.995843
0.983013
1.01114
1.02101
0.984493
1.02792
1.00078
1.01657
1.00769
1.00571
1.01311
0.976597
0.974623
1.01015
0.991895
0.980545
0.971663
1.01361
0.981039
1.02348
0.992389
1.00522
0.98548
1.00966
0.992389
0.970676
0.989428
1.00473
0.983013
1.00275
0.988934
0.997817
0.978571
1.00769
0.986467
1.02841
0.982519
0.976104
1.02002
0.99831
1.02101
1.0146
0.984
0.997324
0.99683
0.980052
1.00522
