1.00289
0.997716
1.00012
0.999568
1.00482
1.00175
0.997957
1.00363
0.998061
1.00029
0.997593
0.99783
1.0034
1.00338
0.996761
0.994969
0.999635
0.998865
0.999751
0.999161
0.998961
0.997401
1.00362
0.999245
1.00189
1.00338
0.9954
1.00334
0.998882
0.999885
1.00086
0.998065
0.992357
1.00236
1.00538
1.00326
0.999242
1.0026
0.998192
0.999242
1.00269
0.995752
1.00287
0.995399
0.999194
1.00324
1.00176
1.00346
0.999131
1.00157
1.00717
0.995918
0.996872
1.00449
0.997236
1.0033
0.999352
0.997942
1.00092
0.999216
0.997177
0.997615
1.00064
0.997992
1.00034
1.00191
1.00138
0.997345
1.00008
0.996195
0.998466
1.00037
1.00484
0.996105
1.0053
0.998878
0.992993
0.999541
1.00261
1.00194
1.00099
1.00027
1.00227
1.00132
1.00255
0.99863
0.995298
0.997384
0.988711
1.00448
1.00535
1.00219
0.997665
1.00511
0.996909
1.00067
0.993804
1.00437
0.997259
0.995765
1.00373
0.997577
0.992547
1.00579
1.00352
0.996985
1.00248
0.994986
1.00034
0.995629
1.00087
0.999722
1.00843
1.00491
1.0031
1.00828
1.00152
1.00364
0.997427
0.999777
0.999555
0.998797
1.00467
0.998408
0.998059
1.00332
0.995002
1.00396
0.99951
0.996513
0.999668
1.00545
0.994749
0.999784
1.00833
0.992352
0.998676
0.994928
0.998119
1.00146
0.99889
0.999007
0.999772
0.999252
1.00511
1.0014
1.00299
1.00394
0.995202
1.00305
0.999793
0.997796
0.997003
0.996094
0.999709
0.993527
1.00504
0.996202
1.00049
0.997028
0.998112
1.0037
0.999235
0.996261
0.998053
0.996372
1.00109
1.00046
1.00038
0.995717
0.998493
1.00504
1.00212
1.00604
0.999163
1.00159
0.997272
0.999175
0.997619
1.00624
1
0.995144
1.00251
0.996826
1.00377
1.0059
0.994628
1.00745
1.00129
1.00238
0.993578
0.995995
1.00153
0.997289
1.00091
0.997714
1.00319
0.999828
0.99832
0.999537
0.997439
1.00244
0.997512
0.995328
1.00073
1.00135
1.00434
0.994514
1.00339
0.996555
1.0057
1.00227
0.998299
1.00418
0.993129
0.998016
0.997107
0.996387
0.999915
1.00334
0.998943
0.999292
1.00439
1.00926
0.99496
1.00376
0.999815
1.00254
1.0023
0.998321
0.997463
1.00481
1.002
1.00223
1.00769
0.99704
1.00006
0.99352
0.998561
0.999936
0.9996
0.999444
0.996546
1.00514
0.997066
0.996259
1.00442
1.00462
0.9982
0.999695
0.998895
0.997557
0.998962
1.00755
1.00109
0.998887
1.00261
1.00101
1.00149
1.00078
1.00594
1.00863
1.00147
0.996844
0.990268
1.0043
0.991691
0.998045
1.0029
1.00178
0.994493
0.997887
0.999275
1.00474
1.00325
1.00232
1.00185
0.995187
0.99748
1.00201
0.991289
1.00204
1.00038
0.996744
1.00048
1.00194
1.00348
0.998201
1.00068
1.00244
1.00218
1.00755
1.00417
1.00482
1.00502
0.99154
1.00383
0.998261
1.01447
0.999051
0.999704
0.999251
0.997936
1.00263
0.994869
1.00342
0.999553
1.00447
0.998215
0.999332
0.99994
1.00359
0.999012
0.999384
0.994132
1.00028
0.998874
0.997345
1.00178
0.998072
1.00055
1.00525
1.00095
0.999939
1.00278
1.00415
1.00436
0.998762
0.997822
1.0077
0.998353
1.00317
1.00072
0.99793
1.00045
1.00663
0.999644
1.00069
1.0038
0.996653
1.00262
0.99921
1.00351
1.00359
1.00006
0.996728
1.00109
1.00036
1.00059
1.00217
0.996941
1.00042
0.997805
1.00824
1.00785
0.998022
1.00169
1.00182
0.996721
0.999344
0.996856
0.999421
1.00259
0.997393
0.999655
0.999897
1.00336
0.998984
0.997811
1.00259
0.998646
0.999082
1.00163
0.999758
1.0016
1.00161
1.00161
0.99535
1.00198
0.996917
1.00183
0.997549
0.997041
1.00069
0.997024
1.00244
0.999802
0.997239
1.00231
1.00177
1.00076
1.00235
1.00425
1.00438
1.00597
0.997243
1.00063
0.990073
0.99134
1.00247
0.998266
1.00271
1.00575
1.00173
0.996192
1.00472
0.99904
1.0041
1.00604
0.997579
1.0016
0.998576
0.996536
0.992452
1.00819
1.00199
0.998913
1.00572
1.00475
1.0002
0.99934
0.995511
1.00194
0.999614
1.0007
0.993972
0.999296
1.00033
0.998096
0.989995
0.999277
0.995528
0.993677
0.997281
1.00366
1.00091
1.00466
0.996666
1.00121
1.00052
0.994158
0.99809
1.00092
0.996506
0.998643
1.00049
1.00031
0.996205
0.99847
0.993508
0.999818
0.9989
0.999404
0.995528
1.0027
0.997742
0.994786
1.00077
1.00151
0.998758
0.994965
0.994253
1.00023
0.995609
1.00059
0.99409
0.997139
0.998869
0.999491
0.997692
1.00046
1.00102
0.996902
0.999058
1.00131
0.9976
0.9956
1.00009
0.997489
0.9983
0.997839
0.996086
1.00454
0.99907
1.00073
1.00169
0.997683
0.999323
1.00611
0.997677
1.0014
0.9956
0.997849
1.00572
0.995701
1.0057
0.998705
0.999533
0.994941
1.00435
1.00271
0.994136
1.00119
0.998468
1.00236
0.999601
1.00311
0.997832
0.999947
1.00073
1.00025
1.0039
0.997251
1.00266
1.00565
1.00125
0.997255
1.00483
1.00291
1.00445
0.997282
1.00214
1.00473
1.00426
0.998424
0.997071
1.00055
1.00364
1.00075
1.00061
1.00058
0.996349
0.996497
1.00382
0.999705
1.0019
0.996276
1.0014
1.0049
0.996644
0.995615
0.994559
0.996082
1.00642
0.998699
0.998046
1.00162
0.99607
0.998433
0.99988
1.00328
1.00187
1.00095
1.00025
0.999119
1.00002
0.997977
0.999436
1.00366
0.994001
1.00114
1.00178
0.998583
1.00532
1.00391
1.00195
0.99899
0.99627
0.997438
0.998447
0.994902
1.00257
0.991376
0.998647
0.99978
1.0003
0.994026
0.996325
0.996
0.99559
1.00206
1.00242
1.00225
0.998907
0.995909
0.998776
0.999213
1.00265
0.998845
0.995371
0.994038
1.0005
1.00446
0.998895
0.995309
0.994844
0.999648
1.00743
1.00361
0.997576
1.00149
1.00028
0.993575
0.99956
0.997152
0.999805
0.996332
1.00216
1.00347
1.00082
1.00137
0.99819
1.00535
1.00143
1.00111
0.996018
1.00203
1.00073
1.00245
1.00115
1.00041
0.996736
0.999562
1.00415
0.998763
1.00443
1.00147
0.997295
0.993416
1.00157
0.998308
0.992773
1.00233
0.999014
0.999251
0.998453
0.995857
1.0004
0.99958
0.999377
0.998178
0.996797
1.00423
1.00329
1.00156
0.999515
0.998054
0.99487
0.998355
1.00348
1.00256
1.00079
0.99382
1.00413
1.00177
0.999319
0.999509
0.998119
1.0025
1.00223
0.995168
0.999485
1.00254
1.00106
0.996957
0.995117
1.00112
0.996911
0.998181
1.00525
0.994761
1.00039
1.00068
1.00143
0.99551
0.998451
0.997262
1.00046
0.992459
0.997908
0.999959
1.00051
0.996066
1.003
0.999066
1.00051
0.997334
1.00243
1.00384
1.00491
1.00192
0.999394
0.99164
0.996012
0.994667
1.00255
0.995919
0.996145
1.00199
0.996928
1.00153
1.00026
1.00654
0.997767
0.998148
1.00218
0.997401
1.00043
1.00793
1.00399
0.998062
0.999263
0.997925
0.998476
1.00181
1.00152
0.997943
0.993089
0.999616
0.996196
0.995426
1.00194
0.996947
0.999645
1.0011
0.998621
1.00071
0.999569
0.999593
1.00003
0.996107
0.998092
1.00058
0.995704
1.00041
1.00228
0.997844
0.998474
1.00229
1.00504
0.99664
0.999775
1.00492
1.00674
1.00169
1.00114
1.00054
1.00178
1.00295
1.00521
1.00046
1.00514
1.00099
0.998664
0.996507
1.00032
1.00164
1.00316
1.00329
0.999434
1.0012
0.994606
0.997428
1.00364
0.999243
0.997845
0.999195
0.997673
0.997498
1.00042
0.994025
0.997527
0.997132
0.999542
0.998322
1.00117
1.00226
0.997281
1.00045
1.00465
0.99195
0.996587
0.9999
1.00045
1.00345
1.00303
0.993196
1.00043
1.0008
1.0046
1.00122
1.00002
0.998439
1.00021
1.00249
0.999342
0.996622
1.00834
0.997264
1.00278
0.996059
1.00521
1.00188
0.996386
0.995899
0.999917
1.00058
1.00136
1.00021
1.00076
0.99212
1.0009
1.00273
1.00123
1.00329
0.994008
0.996533
1.00002
1.00016
1.00798
0.997745
1.00112
1.00014
0.992017
0.997107
1.00712
0.996203
1.00007
0.995348
0.998252
1.00045
1.00312
0.996021
0.998791
1.00629
0.997773
1.0057
1.00565
1.0087
0.995263
0.993793
1.00727
0.996372
0.994894
0.994584
0.99798
1.00002
1.00922
0.998066
1.00152
0.997946
1.00192
0.996431
1.0071
0.997146
1.00808
1.00832
1.00278
0.997085
0.995408
1.00193
1.00059
0.996135
0.998598
0.997418
0.996195
1.00264
1.00293
0.998086
1.00007
1.00529
0.99873
1.00384
0.992489
1.00647
1.01133
1.00267
1.00474
1.00067
0.997503
1.00245
0.994871
0.995088
0.998423
1.00202
1.0032
1.00311
1.00034
0.999424
1.00111
1.00426
1.00371
0.994194
1.00578
0.997476
0.998563
0.999298
1.00087
0.997743
1.00362
0.997659
1.00061
1.00161
0.999816
1.00199
1.00154
0.997284
0.99526
1.00438
0.997155
0.999476
1.00694
1.00247
0.997742
1.00445
0.996053
0.997944
0.998718
1.00216
0.997973
1.00147
0.992946
0.994938
1.00188
1.00714
0.997119
1.00136
0.999365
0.998488
0.999597
0.997417
1.00287
1.00011
1.00309
1.00278
0.997899
1.00707
0.998004
0.996239
0.997433
0.995621
0.998538
1.00687
0.99843
1.00249
0.998546
1.00706
0.998202
0.9937
1.00213
0.999705
0.998825
0.996546
1.0134
1.00108
1.00216
0.997258
0.996557
0.993556
0.993354
1.00192
1.00138
0.997991
0.998731
1.00167
1.00373
0.997661
1.00122
0.996969
0.999157
1.007
1.00108
1.00481
1.00663
1.00637
1.00671
1.00035
1.00232
1.00222
0.992048
0.997541
1.00085
0.999556
0.999441
1.0001
1.00049
1.00056
1.00322
1.00463
1.00212
0.999504
1.00284
0.999226
0.993411
1.00681
0.998705
1.00095
1.00009
0.99916
1.0002
0.997631
1.00078
0.998209
0.991324
1.0057
1.00271
0.998225
1.00202
1.00179
0.995215
0.996514
0.996191
0.995127
1.00113
0.995375
1.00144
0.993745
1.00046
1.00217
0.99756
0.998463
0.999905
0.994023
1.00421
0.997537
1.00016
0.999992
1.00012
1.00248
1.00137
0.995722
1.00083
1.00056
0.998825
0.99551
1.00225
0.998223
0.995839
0.994311
1.00273
0.992213
0.999283
0.994521
1.00399
0.998745
0.998879
0.9994
1.00643
0.997525
1.00069
0.998846
0.998669
1.00245
0.997514
1.0017
1.00406
0.996922
0.998558
0.996399
0.998844
1.00091
0.99773
0.994853
0.997377
0.998095
0.99686
0.997813
1.0036
0.999489
0.997842
1.00337
1.00079
0.996251
1.00159
0.998753
0.995929
0.997027
0.993477
0.998815
1.00341
0.997443
0.991659
0.998751
1.00076
0.999415
1.0034
1.00313
0.997559
0.999575
1.00432
1.00193
1.00388
0.994142
1.00131
1.00316
0.996889
1.00367
1.00295
0.997077
0.998655
0.997636
1.00369
0.997667
1.00244
0.997567
1.00206
0.996643
0.997597
0.999781
1.00056
0.996909
0.998571
1.00096
1.00209
1.00459
1.00113
0.996533
0.991202
1.00373
1.0038
0.990553
1.00547
0.994593
1.00056
0.99989
1.00361
0.999726
0.99886
0.993914
1.00136
0.997839
0.998229
0.999745
1.00638
0.998087
1.00516
0.999108
0.997252
1.00115
1.00303
0.995419
0.996567
0.997805
1.00084
0.997912
1.00426
1.00016
1.00525
1.00276
0.997567
0.996405
1.00214
0.997071
0.99895
1.00077
0.999353
0.995533
1.00101
1.00063
1.00345
1.00166
0.993666
1.00383
1.00141
0.996821
1.00064
0.998515
1.00103
1.0026
1.00125
1.00145
0.99634
1.00273
1.00473
0.997738
0.999473
1.00026
1.0064
1.00501
0.9965
0.997354
1.00166
1.00341
0.997799
1.00549
0.999075
0.998972
0.995058
1.00032
1.00268
1.00592
0.998292
0.997528
0.99892
1.0008
1.00291
0.997906
0.995343
1.00259
1.00182
0.994574
0.995402
1.00256
1.0028
0.999901
1.00403
1.0013
0.999362
0.997039
1.00559
0.997909
0.997319
1.00309
1.00075
1.00067
0.997878
1.00154
0.998531
0.994023
1.00002
1.00128
1.00819
1.00117
1.00315
0.995335
1.0012
1.00272
0.99367
0.995357
1.00294
0.999329
0.996549
1.00201
1.00464
0.996115
1.00028
1.00978
0.99751
1.00549
0.994179
1.00339
0.993747
0.995131
0.995612
1.00281
0.997831
0.999426
0.997768
1.00754
0.994502
1.00369
1.0022
0.999021
0.997909
1.00155
0.999388
1.00385
1.00597
1.00275
1.00418
0.997668
1.00355
0.996185
0.997786
1.00129
0.9911
1.00634
0.996384
0.997957
0.995956
0.999825
0.998581
1.00185
1.00034
1.0014
1.00489
1.00031
1.00323
1.00276
0.997757
1.00031
1.0034
1.00305
1.00124
0.993052
0.998537
1.00373
0.995639
1.00331
1.00332
0.991504
1.00257
0.99818
0.997088
1.0023
0.993286
0.997968
1.00507
0.998565
1.00145
1.0027
1.00251
0.998154
1.00024
1.00391
1.00314
0.996158
0.993632
1.00178
0.995644
1.00223
0.992696
1.0047
1.0021
0.999252
0.999459
0.994609
0.997904
0.994872
0.999621
0.998136
0.994755
0.995663
1.00386
0.999523
1.00006
0.996893
0.9994
1.00542
1.00153
1.00163
1.00039
1.00048
0.998167
1.00555
1.00345
1.00083
1.00477
1.00003
0.997284
0.998366
1.00066
0.992234
1.00236
0.99953
0.996196
1.00212
1.00359
0.997672
0.99993
0.993712
0.996511
0.99504
1.00044
0.999454
1.00396
1.00004
0.997189
1.00148
1.00229
1.00798
0.997195
1.00378
1.00611
1.00386
0.999964
0.999407
1.00771
0.994481
1.00306
0.997054
1.00071
0.99631
1.00176
1.00016
1.00247
0.995398
0.999591
0.999636
0.99821
1.00432
1.00413
0.995516
0.998718
0.996924
0.998711
0.999457
0.997525
0.996573
0.99645
1.00571
0.999054
1.00181
1.00282
1.0052
1.00602
1.00182
1.00176
1.00544
0.996258
1.004
1.00092
1.00039
1.00706
0.999654
1.00139
0.998698
1.00063
0.999343
1.00256
0.997942
1.00364
1.00183
0.999723
1.00232
1.00352
1.00138
1.00144
1.00144
0.998201
0.992772
1.00336
1.00011
0.998299
1.00469
0.998635
0.996173
1.00004
0.998299
1.00436
0.997229
0.997755
1.00613
0.998292
1.00504
0.9957
0.999132
1.00541
1.00389
0.998771
1.00298
0.999882
1.00027
0.996673
0.997689
1.0045
0.997137
0.999904
0.999975
0.992313
1.0043
1.00487
0.998464
0.997908
0.997345
1.00284
0.99729
1.00227
1.00459
1.0024
1.00533
1.00559
0.99412
1.00093
1.00713
0.997293
1.00327
0.996382
0.99918
0.993404
1.00248
1.00362
0.997926
0.998847
1.00314
1.00298
1.00077
1.00005
0.995195
1.00392
0.996459
1.00063
0.999173
1.0022
0.998435
1.00351
1.00168
0.996693
1.00054
1.00241
0.99838
1.00102
1.0009
1.00222
1.00324
0.993545
1.00018
0.997193
1.00355
1.00201
1.00593
0.993402
0.994622
1.00088
0.996602
1.00713
0.99588
0.994838
1.0008
1.00397
0.996606
0.998637
0.992415
0.997865
1.00566
0.994601
1.00683
0.99773
0.99513
0.995218
1.00229
1.00011
1.00015
1.00339
0.997588
1.00134
0.995508
0.998378
1.00626
1.00526
0.999015
0.997208
1.00175
1.00042
1.00044
1.00158
0.99964
0.998338
1.00097
1.00177
1.00263
1.00011
0.997691
1.00055
1.00074
1.00403
1.00769
1.00256
0.999744
1.00054
1.00203
1.00148
0.990874
0.996429
0.998519
1.00701
1.0018
0.996989
0.996649
1.00192
1.00255
1.00207
1.00323
0.996403
0.998985
1.00569
0.999919
1.00124
0.998338
0.996912
1.00199
1.00173
1.0006
0.994538
1.0055
0.996519
1.00466
1.00419
1.00248
0.997573
0.993576
0.998412
1.00311
1.00227
1.00102
0.99976
0.993818
0.991403
0.997654
0.998746
0.997394
0.99664
0.995198
0.992372
0.9999
1.00304
0.999123
0.997359
0.99737
1.00415
1.00415
0.995736
0.992447
0.99044
1.00127
1.00062
0.997835
0.999017
1.00008
1.00419
1.00252
1.00084
1.00182
0.999643
0.993465
0.997798
1.00118
1.00239
0.997915
0.998348
1.00388
0.999298
1.00546
0.998061
1.00374
1.00535
1.00661
0.999351
1.00283
0.998801
1.00075
1.0023
0.999775
1.00111
0.997982
0.994553
0.995867
0.998464
1.00216
0.99485
0.997
1.00119
0.996625
0.99791
1.00126
0.99722
0.994474
1.00464
0.996011
1.0013
1.00283
0.998841
0.999032
1.00517
1
1.00248
1.00364
1.00328
0.993398
0.998549
0.992308
1.00084
1.00207
0.99907
0.997246
1.0013
1.00001
0.999529
1.00503
0.999863
1.00117
0.997647
1.0015
0.995449
1.00407
0.999877
1.0006
0.998532
1.00213
1.00033
1.00447
1.00754
1.00185
1.00234
1.00227
1.00337
0.999252
1.00124
1.00156
0.999881
1.00688
1.00713
0.998011
0.994001
1.00178
1.00088
0.99343
0.998604
0.998156
0.99548
0.999471
1.00141
1.00142
0.998253
1.00329
1.00314
1.00295
0.997837
1.00108
0.995247
1.00427
1.00339
0.999432
1.00179
0.994688
0.998165
1.00264
0.996501
0.996512
1.00557
1.00526
0.997567
0.998882
1.0038
1.0079
0.997528
1.00923
0.999388
1.00317
0.998426
0.999692
0.998814
1.00363
0.998706
0.997875
0.996923
1.00435
1.0009
1.00288
1.00173
1.00564
1.00478
0.997001
0.99603
1.00078
0.995249
1.00021
1.00299
1.00178
0.996342
0.990406
0.996657
1.00223
1.00676
1.00509
1.00053
1.00255
1.00164
1.00588
1.00075
0.999908
0.998735
0.993847
1.00344
1.00161
1.00276
1.00173
0.997551
1.00171
1.0035
0.997684
1.00036
0.999777
0.995749
1.01017
1.00334
1.00092
1.00245
1.00095
1.00334
1.00118
1.00388
0.997661
1.00217
1.00085
1.0005
0.998144
0.995933
1.00108
0.999664
0.998544
0.997826
1.00695
0.99588
1.00682
0.999791
1.0003
1.00312
0.997321
1.00284
0.999806
1.00314
1.00518
1.00449
0.994638
0.997664
0.998222
0.996317
1.00168
1.00328
0.996458
1.00227
0.993648
0.996504
0.997802
0.994322
0.998703
1.00105
0.995687
1.00149
0.997869
0.998915
0.993793
1.00098
1.0031
0.997881
0.999866
0.996666
1.00232
0.995624
0.998337
1.00727
0.998775
1.00304
1.0044
1.00699
1.00264
0.993001
1.00672
0.998546
0.993663
1.00305
0.999789
1.00263
0.999395
1.00375
0.994762
0.994458
0.997253
0.99642
0.995399
0.998409
0.997235
0.995435
1.0026
1.00007
1.00564
1.00315
0.999275
1.0063
0.99931
1.00141
0.995629
1.00346
0.999334
0.995249
1.00406
0.999483
1.00533
0.99598
1.0012
0.999388
1.00478
1.0035
0.999241
0.995049
0.998315
0.998322
0.997657
0.996327
1.0003
1.00346
0.995799
0.998167
0.996376
0.998625
0.99557
1.00068
1.00291
1.00459
1.00397
0.996588
1.00309
1.00411
1.0043
0.998988
0.997961
1.00524
0.996462
0.994897
0.998163
1.00051
1.00093
1.00204
1.00342
1.00231
0.995518
1.00216
0.998392
0.995335
1.00355
0.998215
0.999211
1.00299
1.00076
0.999683
0.994796
0.998429
1.00452
0.995452
1.00496
0.998696
0.997304
0.999774
0.998643
1.00348
1.00073
1.00143
0.998101
0.998814
1.00057
1.00158
1.00624
0.999991
0.998053
1.00476
0.995245
0.996775
0.999875
1.00347
1.00294
0.996362
0.992334
1.00194
1.00002
0.999085
1.00237
1.00256
0.997999
1.00147
1.00503
1.00237
0.992377
0.99663
1.0012
1.00127
0.998145
0.998429
0.995276
1.00069
1.00366
0.996525
0.992623
1.00341
1.00013
1.00529
0.998333
1.00295
0.995194
0.998788
0.999897
0.997634
1.00348
0.996691
1.00015
0.997482
0.997478
0.994769
1.00216
1.00126
1.00299
0.999367
1.00048
0.99437
0.999299
0.996034
0.998954
1.00201
0.99903
0.996985
1.00217
0.995228
1.0023
1.00327
1.00235
0.998139
1.00063
0.999698
0.999775
0.996652
0.997993
1.00369
1.00326
1.00436
0.998097
0.998054
0.999228
0.992369
0.998326
0.999143
0.999636
1.00085
0.999074
0.995129
1.0015
0.998122
1.00053
1.00072
1.00308
0.998497
0.993738
1.00243
1.00023
0.990766
1.00449
0.99968
0.999287
1.00528
0.993794
1.00038
1.00126
1.00661
0.994759
1.00074
1.0008
1.00386
0.999052
1.00168
1.00133
1.00474
0.995083
1.00746
1.00093
1.00025
0.999848
0.99913
0.998044
1.00123
1.00254
1.00038
1.00105
0.995901
0.995749
0.996488
1.00642
1.00173
1.00295
0.99717
0.992498
0.996039
0.996502
0.997077
1.00495
1.00116
1.00304
1.00008
1.00328
0.998942
0.999464
0.998642
1.00247
1.00557
0.997621
1.00029
0.996025
1.00321
1.0026
0.993854
1.0007
0.997936
1.01003
0.996814
1.00025
1.0022
1.00396
0.996752
1.00023
1.00151
0.997584
0.99819
1.00457
0.998908
0.998943
0.997112
0.995953
1.00624
0.995327
1.0022
1.00215
1.00013
0.999299
1.00355
0.994547
1.00849
1.00166
1.00091
1.00593
0.999079
0.997781
0.997778
1.00472
1.0031
1.00151
1.0043
1.00125
1.0022
1.00279
1.00495
1.00277
1.00386
0.997946
0.998677
1.00283
1.00012
0.998684
1.00346
1.00386
0.99829
1.00224
0.992748
0.994608
0.997099
0.994838
1.00003
1.00435
0.998817
1.00042
0.996515
1.00018
0.996712
1.00105
1.0006
1.00313
0.995316
1.00107
0.998213
1.00032
0.995381
1.00241
0.999947
0.997395
0.999512
1.00513
0.999284
1.00198
1.00562
1.00158
1.00472
1.00705
1.00008
1.0007
1.0003
0.997544
0.996364
1.00456
0.995675
0.997347
0.992689
1.00413
1.0027
1.00359
0.998758
1.00194
1.00168
1.00354
1.00386
1.00049
0.997976
1.00008
1.00123
0.997316
0.999062
0.996129
0.998385
0.996692
1.01
1.00335
1.00298
0.997817
0.999709
0.998627
1.00117
1.00045
1.0031
0.993106
0.998227
1.00074
0.998816
1.00679
0.998304
1.00547
0.999043
0.998108
0.995622
1.00165
0.995296
1.00057
0.995579
1.00569
1.00262
0.996167
1.0034
0.998456
0.998669
1.00133
1.00148
0.997572
0.99572
0.999596
0.998231
1.00481
1.00253
0.997005
0.999097
1.00171
0.99231
0.999625
1.00111
0.998376
0.996272
1.00037
1.00087
0.996176
1.00114
0.994205
0.999639
1.0032
0.997205
1.00133
1.0022
0.995921
0.991524
1.00065
1.00115
1.00017
1.00208
1.00008
0.9964
0.99653
0.998873
1.00188
0.998961
0.998523
1.00608
0.99766
0.997783
0.997667
0.998367
0.997617
1.00222
1.00255
0.995448
0.999072
1.00154
0.999433
1.00314
0.998145
1.00174
0.995458
1.00183
1.00003
0.991848
1.00056
1.00149
0.998793
0.996856
0.997522
1.00312
0.99687
1.00329
0.995648
1.00185
0.998893
0.995296
1.00345
1.00203
0.995202
0.999323
1.00204
1.00219
0.999919
1.00319
1.00918
1.00469
1.00332
0.994643
1.00356
1.00707
1.00788
0.999969
0.996858
1.00057
1.00531
1.00118
1.00208
0.998349
0.997977
0.999234
1.00338
0.997101
0.9997
1.00296
0.995172
1.00183
1.00554
0.996179
0.994514
1.00516
0.998895
0.994474
0.996881
0.999785
1.00626
0.997465
1.00137
0.998578
1.0008
0.996126
1.00318
0.993436
0.99716
0.992576
0.999431
1.0031
1.00092
1.00513
0.993859
0.996997
0.993145
0.992383
1.00093
1.00144
1.00076
0.998257
0.989964
1.00112
0.995196
0.994157
1.00355
1.00206
1.00081
1.00211
1.00322
0.994959
1.00017
1.002
0.994695
0.995586
1.00453
0.99943
0.995264
0.999751
0.99818
1.00026
0.999196
1.00085
1.00933
1.00717
0.995714
1.00241
1.00321
1.00127
1.00058
1.00255
1.00404
1.00599
0.99411
1.00692
0.999985
1.00256
1.00394
1.0031
0.999743
0.997272
1.00468
1.0016
0.996884
1.00236
1.00073
0.996915
0.997375
0.995151
1.00025
1.00161
0.996896
0.995872
0.990764
1.00152
1.00418
1.00054
0.996232
1.00153
1.00022
1.00051
1.00114
1.0033
1.00075
1.00033
1.00441
0.998342
1.00384
1.00221
1.00127
1.00523
0.995722
1.00207
1.0002
0.996861
1.00027
0.998095
1.00265
1.00384
0.997251
1.00292
0.997454
0.998269
0.998884
0.996408
1.00294
0.995207
0.99883
0.993796
0.999127
0.991814
1.00325
0.997422
0.997712
1.00651
1.00518
1.00213
0.999043
0.997292
0.990308
0.998199
1.00058
1.00465
1.00109
0.99387
1.0018
0.998105
0.998585
1.001
1.00281
1.0019
0.999217
0.996397
1.00653
1.00308
0.992237
1.00196
0.998907
0.998526
0.999491
1.00729
1.00271
1.00045
1.00443
0.999461
1.00074
1.0045
1.00048
0.992688
0.997743
1.00278
0.998133
0.99939
1.00124
0.998434
1.00854
1.00048
0.998449
0.997623
1.00824
1.00081
1.0014
0.996117
0.993476
0.998047
1.00461
0.994158
0.996634
1.00186
1.00624
0.998237
0.9991
1.00383
1.00289
1.00165
1.00615
1.00392
0.996476
0.999841
1.00509
0.995809
1.00577
1.00557
1.00375
0.99539
0.994065
0.995929
1.00791
1.00169
0.998612
0.996149
0.99949
0.998834
1.00859
0.998165
0.999709
0.998666
0.994358
0.998443
0.999463
1.00236
0.992247
0.995712
0.999641
0.996554
1.00913
0.998109
1.00322
0.997646
1.00059
1.00393
1.00595
0.996579
0.995718
0.996135
1.0028
0.998814
0.995271
1.00284
1.00082
0.99313
1.00733
1.00091
0.998268
1.00168
0.999223
1.00269
1.00363
0.999006
0.99192
1.00132
1.00095
1.00064
1.0027
0.997944
0.999037
1.00289
0.998215
0.99837
1.00226
1.0035
1.00647
0.997163
0.996131
1.00186
0.995778
0.998177
0.99535
1.00342
0.998393
1.00579
0.99992
1.0055
1.00026
1.00058
0.98914
0.998592
0.996455
0.997771
1.00086
1.00317
1.0006
1.00051
1.00419
1.00025
0.994051
0.996327
0.998658
0.999806
0.997058
0.995921
0.997225
1.00079
0.998669
1.00072
0.996429
0.999936
1.00776
0.995115
0.998922
1.00331
1.00048
1.00805
0.998174
0.997005
1.00011
0.996212
1.00036
1.0013
0.996503
1.00429
1.00092
1.00336
0.999856
0.998387
0.996659
0.99931
0.9983
0.999394
1.00558
1.0039
0.997995
1.00216
1.00454
1.00195
1.00221
1.00011
0.998519
0.99876
0.998822
1.00039
0.999876
1.00694
0.998471
1.00464
1.00419
1.00252
1.00099
0.998121
0.999999
0.994198
0.999022
0.995555
0.996647
1.00039
1.002
1.00334
1.00447
1.00235
0.996165
0.994946
1.00147
1.00114
1.00404
1.00549
1.00342
0.993761
0.998448
1.00222
0.997912
1.00546
0.999019
0.998079
1.00151
0.998779
1.00291
0.992256
1.00301
1.00009
0.998509
1.00076
0.999557
0.995542
0.997416
0.996826
1.00242
1.00176
0.998923
0.996262
1.00599
0.999754
0.999552
1.00439
0.997636
0.99663
0.995879
0.997753
1.00427
0.995812
1.00304
0.999625
1.01043
1.00241
1.00305
0.994306
0.997609
1.003
0.999434
1.00106
0.997319
0.998768
1.00246
0.997017
0.995341
0.999889
0.991822
0.998141
1.00203
1.00159
1.00171
0.996591
1.00262
0.999208
1.00753
0.99638
0.998494
1.00184
1.00082
1.00312
1.00172
0.994938
1.00214
1.00682
1.00445
1.00172
0.995385
0.999751
1.00299
0.999204
0.998001
0.999753
0.992922
1.00169
0.998076
0.996308
0.998454
0.999133
0.998907
0.997536
1.00028
1.00117
1.00288
1.00121
0.99814
0.998061
0.999021
1.002
0.995916
1.00402
0.998498
1.0019
1.00297
1.00632
1.00307
0.998552
1.00184
1.00396
1.00029
1.0009
1.00358
0.995391
1.00086
0.999534
0.998472
0.997179
1.00282
1.00035
0.996843
1.00328
1.00245
0.99771
0.995866
0.992266
0.997106
0.996332
0.999215
0.995195
0.998468
0.991416
0.992452
0.999652
0.997153
0.997607
0.999394
0.998629
0.994997
0.997118
0.993847
0.995575
1.00247
1.00326
1.00204
0.999927
0.995212
0.995234
1.00091
0.998565
1.00326
0.993619
0.99668
1.00228
1.00107
1.00142
0.996689
1.00461
0.992983
0.998064
0.995201
1.00142
0.998499
1.00154
0.997775
1.00269
1.00358
0.998867
0.995682
0.998669
1.00809
1.00171
1.00357
1.00364
0.994608
1.0013
1.00035
1.00115
0.997072
1.00134
0.994935
0.98842
1.00482
1.00439
0.999694
1.00502
1.00281
1.00201
1.00555
1.00303
0.999859
1.0048
1.00031
0.995809
1.00361
0.996962
1
1.00251
0.99928
0.994863
1.00276
0.998435
1.001
1.00198
1.00509
0.998222
0.997134
1.00082
0.996209
0.999458
0.998913
1.00484
1.00252
0.99869
1.00228
1.00455
1.00006
0.993883
1.00006
0.99769
1.0042
0.995967
0.994835
1.00311
1.00226
1.00077
1.00281
0.99867
1.00156
1.00195
1.00453
0.999684
1.00653
0.998254
0.999921
0.991969
1.00385
0.997621
0.999565
0.997152
1.00398
0.997389
1.00289
0.998558
0.998662
0.998316
1.00685
0.996599
1.0032
1.00348
1.00368
1.00335
0.996582
0.99795
0.994647
1.00057
0.995309
0.996634
0.996583
1.00245
1.0006
0.99532
0.996043
1.0033
1.00275
0.990975
1.00013
1.00006
1.00491
1.00175
0.994822
1.00483
0.999504
0.998792
0.998134
1.00454
1.00193
0.998479
1.00538
0.999165
0.99405
0.992555
1.00021
0.995369
0.997552
1.00242
1.00628
0.997818
0.990965
1.00225
0.995262
0.998568
0.997872
1.00223
0.997021
0.996798
0.996429
0.995956
1.00272
0.999436
1.00715
1.00208
0.997223
0.995284
0.996426
1.00457
1.00268
0.996048
1.00282
0.997717
1.00071
1.00474
0.996669
0.996027
0.998814
1.00316
1.00284
0.999349
1.00067
0.99524
0.999014
1.00218
1.00463
0.997334
0.994972
0.997482
1.00282
1.00082
0.99952
1.00181
1.00752
1.00042
0.993323
0.998364
0.998507
1.00091
0.99867
1.00037
1.00303
0.997281
0.999417
0.997413
1.0033
1.00228
1.00035
0.988889
0.995873
0.997519
0.994113
0.999854
0.996478
0.999144
1.00042
1.00281
0.999011
0.994562
0.998044
0.998195
0.999202
0.996704
0.996428
0.994804
1.00964
1.00063
0.998513
1.00485
1.00074
0.99794
0.998994
0.996924
0.998974
0.99943
0.998934
1.00705
0.998222
1.00471
0.996081
0.996313
0.997907
1.00523
1.00258
0.995805
1.00201
1.00001
0.996974
1.0046
1.00485
0.997502
0.998029
0.998506
1.00319
1.00169
0.99818
1.00402
0.999681
1.00436
1.0018
0.99836
1.0016
1.00134
0.993053
1.00438
0.999856
0.996303
1.00089
0.998399
0.998734
1.00312
0.99767
1.00005
1.00167
1.00434
1.00043
0.999896
0.995544
0.997819
0.997417
1.00578
0.996688
0.998679
1.00017
1.00022
1.0018
0.994456
0.994336
0.999467
1.00115
0.99504
0.999314
1.00235
0.996185
0.995992
1.00151
0.998485
0.99912
1.00348
0.995689
1.00105
0.998295
0.992987
1.00082
1.00066
0.997352
1.00171
1.00053
1.00361
0.996429
0.998239
1.00081
0.994954
0.995368
0.997724
0.997864
1.00486
1.00253
0.996847
0.998044
0.998771
0.999526
0.999184
0.998248
0.999003
0.995467
1.00443
1.00841
0.999368
1.0052
1.001
1.00033
0.999224
0.996084
0.99675
1.00488
0.997057
1.00742
1.00364
1.00455
1.00048
1.00362
0.998302
0.994539
1.00494
1.00041
1.0024
0.999427
0.998155
1.00042
1.00547
1.00182
1.00702
1.00656
1.00564
1.00455
1.00217
1.00587
1.00101
0.99418
0.999292
1.00035
1.00281
1.00515
1.00491
1.0069
0.999194
0.997928
1.00206
1.00471
1.00026
0.995868
1.00005
1.00262
1.00089
0.999715
1.00483
1.00381
1.00002
1.00025
1.00384
1.00235
0.996628
0.998994
1.00047
0.997954
0.998256
1.00726
0.993746
0.996647
1.00155
1.00008
1.00237
0.996391
0.997091
1.00282
1.0029
1.00087
0.997027
0.99877
0.998462
1.00305
1.00197
1.00381
0.999601
0.99826
1.00407
1.00278
1.00049
0.998599
0.996178
0.995949
0.994607
0.992193
0.998434
0.996971
0.997703
0.999346
0.998834
1.00064
1.0001
1.00569
0.999735
1.00324
0.995277
0.994476
1.00561
0.995502
1.00077
1.00888
0.997848
0.998898
1.00155
1.00403
0.99804
0.997115
1.00044
1.00179
1.00374
0.995
0.998068
0.998448
1.00389
0.997681
0.994327
1.00379
1.00426
1.00117
0.997721
0.995757
0.993147
0.996269
0.994928
1.00449
1.00206
1.00275
0.997738
0.998843
1.00215
0.999838
0.990712
0.998343
0.997762
1.00718
1.00642
0.997381
1.00025
0.995435
1.00057
1.00127
1.00576
1.0008
0.999167
0.998676
1.0026
1.00245
1.00051
1.00405
0.995179
0.9984
0.993637
1.00035
1.00194
0.995774
0.998198
1.0017
1.00293
0.998546
1.00178
1.0037
1.00057
1.00064
1.00097
1.00275
1.00364
0.997374
0.995495
1.00076
0.997695
1.00136
0.9975
1.00121
0.998081
0.989428
0.997038
0.994978
0.99776
1.00181
1.0002
1.00211
1.00227
0.999078
1.00204
0.998447
0.991468
1.00134
0.99829
1.00548
0.999352
0.998832
0.999065
1.00314
0.996844
1.00081
1.00251
1.00227
1.00227
0.998196
1.00028
1.00171
0.994916
1.00586
0.999326
1.0079
0.997492
1.00216
0.998812
0.996375
1.00017
0.999222
0.998526
1.00163
0.999021
0.995263
1.00502
1.00457
0.997747
0.998648
1.00082
0.999003
1.00245
1.00471
1.00081
1.0008
1.00454
1.00325
1.00003
0.99889
0.998283
0.998224
0.995598
1.00664
1.00159
0.999856
1.00069
0.999777
0.996952
1.00464
1.00191
1.00163
0.999215
1.00409
0.9985
1.00395
1.00202
1.00727
1.00376
0.997334
1.00054
0.999529
0.990626
0.998058
1.00768
1.0029
1.00323
0.999412
0.996998
0.994118
0.99835
1.0096
1.003
1.00388
0.997509
1.00395
1.00559
1.0022
0.998914
1.00068
1.00033
1.00282
0.995713
1.00723
0.995425
0.9998
0.999967
1.00224
0.995307
1.00343
1.00476
0.998019
0.998407
1.0021
1.00216
1.00126
1.00087
0.999046
0.99244
0.999861
1.00115
0.999394
0.998328
0.998779
1.00216
0.998127
1.00505
1.00147
1.00197
1.00462
0.999879
1.00034
1.00031
1.00374
0.998609
1.00806
1.00138
0.991812
0.997411
0.998411
1.0038
0.997656
0.998734
0.99858
1.00191
0.997122
0.997324
0.997789
1.00012
1.00125
1.00176
1.00052
0.997007
1.00589
0.995746
0.998141
0.996926
0.999538
1.00271
1.001
1.00303
1.00467
1.00317
1.0008
0.999675
1.0029
0.998806
1.0005
0.998839
1.00065
1.00009
1.00205
0.996392
1.00163
1.00381
0.995102
0.998592
1.00088
0.992043
1.00007
1.00221
0.999289
1.00726
0.993302
0.994495
1.00659
1.00255
0.999196
1.00453
0.992778
0.996931
1.00241
0.990752
0.996183
1.00291
1.00142
0.996567
0.997153
1.00359
0.999872
1.00015
0.998913
1.00028
1.00342
0.992669
1.01083
1.00076
1.00088
0.997069
1.00475
1.00192
0.990354
0.997275
0.997936
1.00262
1.00424
1.00471
1.00052
0.994318
0.997517
1.00039
1.00098
1.00595
0.999012
0.999653
1.00056
0.991609
0.99828
1.00239
0.999663
1.00199
1.0005
0.996897
0.995062
0.999945
1.00234
0.992149
0.994709
1.00091
1.00254
0.996992
1.00024
1.00078
1.00415
1.00006
1.0015
0.997317
1.00239
1.00246
1.00457
1.0045
1.00185
1.00308
1.00335
0.994068
0.999089
0.995575
0.999638
1.00076
1.00333
1.00179
0.995894
0.998618
1.00667
0.99729
0.996753
0.993729
0.998501
1.00328
1.00429
0.998717
0.999005
1.00132
1.00652
0.993337
1.00214
0.998064
0.995962
1.00017
1.0067
1.0023
1.00208
1.00102
1.00665
1.00305
1.00042
0.997709
0.996431
0.998628
0.999912
0.995024
0.999794
0.996968
1.00127
1.00588
1.00295
0.999703
1.00156
0.994346
1.00332
1.00265
0.996423
0.996079
0.996605
1.00418
1.00266
1.0005
1.00261
0.996861
0.99874
0.999041
0.997397
1.00349
1.0019
1.00601
0.999301
1.00424
1.00052
0.996182
0.995178
1.00254
0.999707
0.996561
1.00014
1.00011
1.00107
1.0001
0.999336
1.00683
0.997557
0.995771
1.0012
1.0038
0.998763
1.00099
1.00176
1.00402
1.00429
1.00832
1.0009
1.00012
1.0013
0.999516
1.00489
0.996315
1.0007
0.999676
1.00156
0.993432
1.0037
1.00285
1.00101
0.998092
0.993956
0.998803
0.997816
0.989758
1.00069
1.00366
0.999123
0.997694
1.0008
0.997705
1.00493
1.00027
1.00001
0.997012
1.00298
1.00265
0.99886
0.996216
0.998812
0.999643
0.990327
0.992832
0.999043
1.0019
1.00274
1.00497
0.998707
1.00095
1.0042
0.991624
0.994191
1.00102
0.989344
1.00586
0.991212
0.997745
1.00198
0.998792
1.00059
1.00527
0.99639
0.99976
1.00111
0.993854
1.00343
0.996758
0.998909
1.0032
1.00059
1.00382
1.00186
1.00003
1.00211
0.998087
0.998174
0.998197
1.00496
1.00624
1.00035
0.999366
1.00443
1.00013
0.995642
1.00239
0.995667
0.998549
0.998179
1.00246
1.00092
0.998614
0.998763
0.997366
1.00705
0.99622
1.00107
0.99459
0.992924
1.00163
1.00019
1.00172
1.00004
1.00222
0.99176
1.00984
1.00382
1.00018
0.997722
1.00285
0.995789
1.00104
1.001
1.00103
1.00366
1.00187
0.99907
1.00395
1.00303
0.998596
0.996098
1.00156
0.996835
0.998761
0.996501
1.00288
1.00407
1.00057
0.994579
1.0006
1.00363
1.00659
0.996219
1.0043
0.999357
1.00475
0.996012
1.00312
0.999033
1.00068
1.0023
1.00086
0.998021
1.00363
1.00399
0.999267
0.99754
0.990748
1.00054
0.997215
0.999513
1.00171
1.00448
1.00182
1.00165
1.00064
1.00725
0.999027
0.994097
1.00011
0.998488
1.002
1.00178
0.999386
0.99727
0.999519
1.0011
0.994704
1.00294
0.994822
0.998905
1.00031
0.999946
0.994761
1.00532
0.999402
1.00268
0.994515
0.99819
1.00039
0.996385
0.998193
1.00052
1.00169
1.00055
1.00345
0.997747
1.00528
1.00209
0.995851
1.00171
1.00386
1.00359
0.996342
0.999551
0.996465
1.00157
1.00216
1.00637
1.00048
1.00066
0.99678
0.997014
0.993223
1.00409
0.996027
1.00287
0.999297
0.999128
0.996714
0.998965
0.99883
1.00016
0.999781
0.997007
0.999082
1.001
1.00358
1.00012
0.997688
1.00373
1.00406
0.992788
1.00566
1.00397
0.999067
1.00195
1.00365
0.999756
0.997539
0.998415
0.993201
1.00308
1.00009
1.00926
1.00056
0.996701
0.999272
1.0019
1.00196
1.00607
0.998418
0.992158
1.00063
1.00206
0.999175
1.00052
0.999305
0.999508
0.998391
1.00131
1.00715
0.996159
1.00104
1.00345
1.00303
0.991385
1.00495
0.996497
0.998969
1.00366
1.00136
1.00014
0.999373
1.00066
0.998831
0.998926
0.994886
1.00002
1.00462
1.00131
0.997655
0.998748
0.992221
1.00038
1.00217
1.00368
0.997962
0.999682
0.998905
1.0014
0.998488
0.999294
1.00815
1.00465
1.00419
1.0002
1.00418
1.00331
0.998789
0.998243
0.998575
1.00348
1.00416
0.994202
0.999966
1.00464
1.00043
0.99624
0.997779
0.998563
1.005
0.998206
1.00013
1.00062
1.00085
0.997715
1.0028
1.00428
0.998096
0.999377
1.00125
1.00016
1.00464
1.00381
1.00133
0.997233
1.00088
1.00203
0.996573
0.997301
1.00277
1.00511
0.999231
1.00037
0.994736
0.997378
0.997204
1.00511
0.998647
1.00077
1.00164
0.99447
1.00104
0.99987
1.00496
0.998648
0.997316
1.00495
0.999325
1.00241
0.99587
0.992455
1.00096
1.0012
0.999698
1.00673
1.00142
0.99715
0.994478
0.999832
1.00092
1.00752
1.00244
0.990524
1.00556
0.995306
0.99806
0.999226
1.00147
0.999544
1.00243
1.00709
0.999248
1.0009
0.997175
0.997249
1.00231
0.998209
1.0002
0.994724
1.00034
1.00047
0.993753
1.00147
1.00218
1.00798
1.00732
1.00232
1.00024
1.00013
1.00311
0.999928
0.999877
0.995018
0.995804
1.00267
1.00495
1.00296
0.993896
0.996738
0.999101
0.995595
1.00041
0.999685
0.995147
1.00731
0.993752
1.00175
1.00174
0.99989
1.00047
0.997376
1.00017
0.997004
0.998409
0.991741
0.996063
1.00074
0.998364
1.00259
1.00562
1.00246
1.00032
0.997724
1.00235
0.999129
1.00097
1.00701
1.00731
0.99895
0.997257
1.00165
1.002
1.00001
1.00141
0.999519
1.00243
0.996889
1.00493
1.00363
0.996956
0.999491
0.991857
1.00229
0.995523
0.999979
1.00385
0.99959
0.995253
1.00455
0.996803
0.997708
1.00281
0.99974
1.00265
1.00509
0.992311
0.99929
0.99957
0.999439
1.00052
0.99353
1.0007
0.999846
0.998718
1.00175
0.999958
1.00096
1.00004
0.996192
0.995577
0.99989
1.0003
0.997991
0.99758
0.9945
1.0002
0.998638
1.00038
0.999238
0.999194
0.99819
0.999709
1.00116
0.999683
0.992482
0.998007
0.998645
0.994985
0.999296
1.00393
1.00217
0.995176
1.00408
1.00143
0.998328
0.999168
1.00541
0.99992
0.996638
1.00486
0.997637
1.00016
0.996592
1.00201
0.997071
0.992814
1.00146
1.00384
1.00391
0.999891
1.0012
1.00134
0.999429
0.99346
1.01064
0.996395
0.994301
1.00433
1.00011
0.999426
1.00084
0.999067
1.00561
1.00133
1.00504
1.00469
0.995354
1.00414
0.999799
0.998995
1.00746
0.998505
0.995986
0.999359
0.994957
0.999073
0.99365
0.996813
1.00166
1.00291
0.997364
1.00126
1.00018
0.993136
1.00168
1.00184
1.00066
0.999812
0.999975
1.00029
0.999094
0.999138
0.994168
0.997604
1.00361
0.994752
1.00381
0.999267
0.995966
1.00097
1.00102
0.998295
0.998143
1.00769
1.00066
0.998612
1.00018
0.996806
0.996024
1.00259
0.998222
1.00071
0.997248
1.00566
0.996606
1.00034
0.99535
1.00109
1.00419
1.0047
0.994372
0.996291
1.00109
1.0031
1.00351
0.993678
1.00269
0.998299
1.00291
1.00228
0.99654
1.00205
1.00463
1.0012
1.00021
1.00224
0.998568
0.993455
0.999855
1.00621
1.00073
0.996027
1.00244
0.998473
1.00009
0.994652
1.00084
1.00064
1.00452
0.999715
0.996168
0.996897
0.99779
1.00174
0.998925
0.999424
1.0006
1.00324
0.990467
1.00225
0.995375
0.997722
0.995088
0.994636
0.994654
1.00142
1.00117
1.00282
1.00207
1.00047
0.99964
0.999356
0.997681
1.00247
1.00545
0.995911
1.00057
0.996132
0.999967
1.00199
1.00325
0.996879
1.0016
1.00587
1.00188
1.00881
1.00025
1.00077
1.00327
1.00123
0.999648
0.994792
0.994308
0.99952
0.999147
0.995533
1.00045
0.995685
0.996157
0.993671
1.00658
1.00026
0.994906
1.00671
1.01071
1.00815
1.00366
0.999889
1.00299
0.999253
0.999954
0.998182
0.997607
0.997424
1.00403
1.0013
0.998766
0.998212
1.00381
1.00175
0.999994
1.00004
0.993529
1.00427
1.00577
0.994565
0.996645
0.995433
1.00555
1.00104
1.00314
1.00046
1.00079
0.999443
1.00309
0.994311
1.00042
0.9957
0.999795
0.996634
0.995348
0.996378
1.00159
0.999208
0.995962
0.996885
0.999307
1.00166
0.999686
1.00094
0.998513
1.00536
1.00406
1.00217
0.994673
0.996471
0.998049
0.998408
0.999592
1.00946
0.997997
1.00183
1.00277
0.996835
1.00524
0.996149
0.995161
0.99861
1.0003
1.00325
0.999802
0.996876
0.996489
0.999227
1.00531
1.00496
1.00533
1.00343
1.00506
1.00714
1.00498
1.00115
0.998221
0.999955
0.996581
1.00023
0.995673
1.00293
0.997621
0.998636
0.998726
1.00345
1.00547
1.00118
0.997071
0.998159
0.996785
0.995166
0.999022
0.998034
0.996869
1.00006
1.00212
1.00368
0.996782
0.999795
1.00092
0.994949
1.00151
0.997625
1.00679
0.99433
0.999986
0.997012
1.00215
0.996206
0.999829
1.00206
0.998981
0.997404
1.00023
1.00113
1.00315
0.99887
0.995016
1.00193
0.998324
0.998883
0.999851
0.999688
0.997661
0.999198
1.00129
1.0022
1.00395
0.998143
0.995895
0.996553
1.00777
0.997547
1.00245
0.993533
0.997641
1.00271
0.991981
0.997231
1.00259
1.00134
1.00542
0.99664
1.00019
0.996188
1.0096
0.993815
0.998388
1.00166
0.999134
0.999776
0.998666
1.00133
0.990521
1.00441
1.00416
1.00109
0.999731
1.0011
1.00146
1.00096
0.99753
0.999078
0.994695
1.00607
0.995265
0.998247
0.991528
1.00069
1.00074
1.00206
0.998918
1.0062
0.999526
1.00546
0.994114
1.00241
1.00528
0.997882
0.998596
1.00533
0.997594
0.997044
0.996025
0.995296
0.999402
0.998971
0.994761
1.00299
1.00152
0.9934
1.00135
1.00092
0.995715
0.99921
1.0034
1.0005
1.00299
0.993132
0.998719
1.00369
0.997775
1.00372
0.999362
1.0005
1.00062
0.994241
0.998
0.994624
0.998603
1.00155
0.997058
0.996097
1.0004
0.996466
1.00331
1.00339
1.00407
0.998162
1.00236
0.995401
0.999681
1.00319
1.00577
1.00323
0.998794
0.997236
0.999774
1.0019
0.997045
1.00337
1.00361
0.99832
0.994594
0.99793
0.994714
1.00178
0.997489
1.00196
1.00485
0.992896
0.99659
0.998843
0.995712
0.999574
0.993349
0.996969
0.996562
1.00842
1.00536
1.00634
1.00194
0.995501
0.996702
1.0028
1.00415
1.00194
1.00224
1.00257
1.00912
0.999142
1.00149
1.00208
0.997194
0.997975
1.00015
0.994994
0.998799
1.00045
0.996308
1.00109
1.00226
1.00077
0.997707
0.996797
0.99914
0.997496
1.00279
1.0006
1.00029
1.0043
1.00781
0.995691
0.996113
1.00444
1.00507
1.00652
1.00212
1.00248
1.00132
1.00327
1.00669
1.00888
0.99978
1.00539
0.992955
0.997334
0.995042
1.00274
1.00211
1.00669
0.996993
1.00087
0.98993
1.00612
0.999236
0.996237
1.00105
1.00303
1.00055
1.00463
0.997625
0.992608
1.00259
1.00518
1.00356
1.00397
0.999861
1.00412
1.00153
0.994812
1.00581
0.996516
1.00267
1.0034
1.00377
0.994631
0.999188
1.00241
0.99681
0.999368
1.00039
1.00505
1.00448
0.998774
1.00248
1.00403
1.00175
1.00366
1.00243
0.999889
0.996166
0.997874
1.00244
0.999826
1.00025
1.00329
0.993313
0.996391
0.997095
1.00525
0.999358
1.00136
0.995481
0.998069
0.996692
0.999309
0.997418
0.993214
0.996612
1.00175
0.999268
1.0021
0.999947
1.0007
1.00183
1.00063
0.99661
1.00432
0.99991
0.995769
1.00475
1.00482
0.999945
0.99861
0.995725
0.996786
1.00777
1.0064
0.99098
1.0013
0.999332
1.00335
1.00278
1.00134
1.00536
1.00034
0.999991
0.998683
0.996169
1.00433
1.00175
1.00591
0.996927
0.997179
0.996451
1.00163
0.999051
0.994022
0.998846
1.00118
0.999071
1.00067
1.00176
1.00344
1.00038
0.999795
1.00217
1.00283
0.999687
0.994653
1.0008
0.99788
1.00043
1.00767
0.995722
1.0009
0.997451
1.00691
0.999385
0.992838
1.00211
1.00874
0.997268
1.00402
0.996958
0.998358
0.999858
0.995921
1.0062
1.00315
0.997428
1.00475
0.998577
1.00563
1.003
1.00094
0.998494
1.0003
0.999669
0.991561
1.0015
0.997127
0.996369
1.00266
0.995181
0.992026
0.999046
1.00257
1.00377
0.997564
1.00354
0.996393
1.00094
0.997885
1.00388
1.00579
0.992225
0.997897
1.00106
1.00632
0.999676
0.997925
0.997485
1.00019
0.991646
0.99445
0.999596
1.01062
1.0029
1.00388
0.998591
0.999618
1.00006
1.00491
0.99529
1.00356
1.00207
0.996649
0.999254
0.998072
0.991525
1.00428
1.00397
0.996283
0.996273
0.996269
0.999308
1.00325
0.998788
0.996098
1.00018
1.00032
0.994814
0.996737
0.996915
1.00336
0.998074
0.999681
1.00226
1.00212
0.995901
1.0008
1.00389
1.00201
1.00379
1.00315
0.996342
0.99693
1.00344
1.00073
1.00536
0.993641
1.00013
0.995118
1.00203
0.9944
1.0041
0.998263
1.0009
0.99883
0.997065
1.00083
1.0005
0.998509
0.999305
0.994037
0.994522
0.998739
1.00066
0.994199
1.00333
0.995846
0.995821
0.994142
0.995271
1.00295
0.999943
1.00023
1.00212
1.00247
1.00426
1.00109
0.992199
1.00339
0.997576
1.00389
1.00309
1.00286
1.00454
0.997749
0.997769
1.00181
0.998264
0.998251
1.00195
0.999528
0.99779
1.00015
1.00204
1.00128
0.997311
1.00156
0.996443
1.00224
0.999271
0.99693
0.996158
0.999216
1.00305
1.00363
1.00442
1.00133
0.995195
1.00202
0.999469
1.00804
0.998514
1.00467
0.995905
0.993991
1.00182
1.00282
0.993354
0.996538
1.00442
0.998848
0.999902
0.999504
1.00243
0.999092
0.999319
0.99882
1.0006
0.998454
0.994729
0.992373
1.0058
0.997882
1.00252
0.994872
0.998845
0.992174
0.997996
0.998754
1.00227
1.00091
0.994086
1.00145
0.998881
0.9998
0.996339
1.0021
1.00199
1.00161
1.00227
1.00012
1.00078
0.997571
0.998135
0.994388
0.997648
0.998078
1.00213
0.99511
1.00706
0.997828
1.00282
0.996269
0.999465
0.999053
0.996696
0.999345
0.995053
1.00184
1.00118
1.00674
0.999726
1.00183
1.00316
0.999193
0.998316
0.998456
0.997985
0.996021
0.997061
1.00548
0.998709
0.997546
0.994967
1.00404
0.999903
1.00247
0.996506
1.00316
0.994657
1.00481
0.996601
1.00539
1.00444
1.01031
1.00012
1.00597
0.995765
1.00161
1.0037
0.998985
1.00658
0.997844
0.999225
1.00185
1.00574
0.999132
0.997168
0.988339
1.00087
0.998974
1.00694
0.996092
0.996313
0.99907
1.00433
0.990879
0.999081
0.998049
0.999995
0.997246
0.995152
1.00092
0.995415
1.00283
0.996096
1.0022
0.996839
1.00065
0.998392
1.00505
0.999205
0.998284
0.992555
0.996727
1.00167
0.999283
0.998968
1.00178
1.00397
0.999616
1.00257
0.996457
1.00851
0.997578
0.990185
1.00187
0.994244
1.0022
1.00021
0.996887
0.991396
1.00412
0.998434
1.00001
0.994479
1.00072
0.996321
0.999502
1.00878
1.00282
0.999604
1.00162
1.00603
1.00336
0.998679
1.0045
1.0009
0.998842
1.00154
0.997294
1.0002
1.00621
1.00067
1.00041
1.00693
0.999371
0.996177
0.999867
1.00198
1.00619
1.00202
1.00797
0.998701
1.00286
0.997534
0.999382
0.995942
1.00209
1.00193
1.00215
0.997424
1.00146
1.00085
0.993902
0.990558
1.00021
0.999448
1.00136
1.00061
0.996212
0.996755
0.997652
1.00466
1.0008
0.999586
0.998885
0.995044
1.00126
0.999959
0.991493
1.0047
1.00027
0.993215
0.995773
1.00087
0.99705
0.992652
0.993175
1.0066
0.999282
1.00117
1.00044
0.995366
1.00221
0.999177
0.997149
0.997349
0.990388
1.00089
1.00205
0.99952
0.999039
1.00542
1.00145
1.00412
0.999342
1.00476
1.00509
1.00548
1.00709
0.9933
0.996843
0.998834
0.998207
1.00034
1.00036
1.00109
0.998091
1.00188
0.997066
0.99934
0.998747
1.00217
1.00436
1.00126
0.993039
1.00381
0.998709
0.998862
1.00303
1.00064
0.99627
1.00323
1.00081
1.00515
1.00093
0.999487
0.998852
0.996249
0.998282
0.991034
0.997472
1.00207
1.00281
0.99909
1.00196
1.00177
1.00364
0.997089
0.995826
0.999219
0.995358
0.997871
1.0039
1.00663
1.00755
1.00133
1.00162
0.995297
1.00373
0.998147
0.998649
0.999862
0.998111
1.00348
0.998968
1.00275
1.00111
0.999777
0.998683
1.00234
1.00095
0.999369
1.00086
1.00014
0.995359
0.995656
0.996829
1.00368
0.997057
1.00119
0.995013
0.999786
1.00356
1.00091
0.998519
0.998972
0.999277
1.00448
0.99966
0.996859
0.998496
0.998132
1.00279
1.00493
0.994835
0.997146
0.995154
1.00129
1.00545
1.00336
1.0005
1.00011
1.00105
0.99907
0.997427
1.00478
0.999453
1.00126
0.999682
1.00367
0.999021
0.999569
0.998306
0.999734
0.994961
1.00205
1.00166
0.993235
0.998975
1.0014
1.00362
0.994952
0.997763
1.00198
0.999505
0.998793
0.995797
0.999823
1.00059
1.00266
1.00007
1.00206
1.00285
1.00209
1.00097
0.999695
1.00432
1.0038
1.00343
0.994852
0.997764
0.999243
1.00261
1.00082
0.996738
0.998445
0.998215
1.00142
1.00724
0.994339
1.00353
0.998971
1.00254
0.997935
0.997812
1.00086
0.995014
1.00391
0.99947
1.00261
0.995223
0.996102
1.00172
0.996848
1.0008
0.99584
0.998885
1.00474
0.993665
0.996857
1.00422
0.998829
0.997279
1.00631
1.00469
0.99452
0.9962
1.00214
0.993801
0.996169
0.99803
0.999502
1.00371
1.00234
0.99763
0.997507
0.993051
1.00034
0.999365
0.996644
1.00574
1.00857
1.00051
1.00044
1.00031
1.00222
1.00183
1.00113
0.999209
1.0066
1.00426
1.00057
1.00004
1.00171
1.00611
0.998974
1.00361
0.996292
1.00039
0.995023
0.999789
0.992465
1.00084
0.997847
0.999428
0.992939
0.999053
0.998769
1.01032
1.00206
1.00245
1.00025
1.00523
0.996208
1.00874
0.998196
0.99827
1.00157
0.999368
0.995832
1.00522
0.999198
0.995854
0.995141
0.997307
0.991264
1.00244
0.999114
0.996704
0.998579
0.998309
1.00274
1.00754
0.998903
1.0001
1.00272
0.996544
0.998873
0.997913
0.998273
0.999593
1.00238
0.993239
1.00204
1.00205
0.998235
1.00262
1.00396
1.00624
0.99349
0.996339
1.00047
0.995074
0.997988
1.00145
0.998449
1.0034
0.994328
1.0026
0.997448
1.00236
1.00952
0.998627
0.992152
1.00233
1.00443
1.00337
1.0011
1.00021
0.998709
1.00592
0.996507
0.996813
0.999846
0.995882
1.00426
1.00289
1.00249
1.00515
1.00525
0.994333
1.0051
1.00505
1.00086
1.00135
1.00124
0.995733
1.0032
1.00397
1.0024
0.998294
1.00127
0.997041
1.00564
0.997989
0.996113
0.998105
0.996074
0.997796
1.00518
1.00335
1.0051
0.995571
1.00486
0.996793
1.00096
1.00062
0.999977
1.00524
0.999436
0.995349
1.00514
1.00409
1.00227
1.00536
1.00186
0.998846
1.00219
0.997926
0.999351
0.996061
0.990368
1.00089
1.00075
1.00679
0.997675
0.997966
1.00101
0.995478
1.00125
1.00702
0.9948
0.998828
1.00175
1.00159
0.994122
1.0018
1.00064
1.00913
1.00257
1.00214
1.00562
1.00408
1.00429
0.994908
1.00378
0.990431
1.00531
1.00536
1.00419
0.997991
1.00291
0.998112
0.998335
1.00629
0.998106
0.998773
0.996319
0.993076
0.999429
1.00153
0.99987
0.99735
1.00345
1.00333
1.0006
0.997706
1.00047
0.999263
0.994618
0.995531
1.00713
0.999515
1.00081
0.99718
0.996658
1.0058
1.0072
1.00253
1.00172
1.0005
1.00348
1.00248
1.00534
1.00417
1.00255
1.00361
1.00771
1.0005
1.00415
1.0023
1.00085
1.00318
1.00363
0.995868
0.996644
0.998223
0.999421
1.00135
0.994039
0.997702
0.999294
1.00252
0.997299
0.999541
0.9968
1.00155
0.997487
0.99718
0.998417
1.00055
1.008
1.00219
1.00048
1.00291
0.99411
0.996446
0.999032
1.00191
0.997998
1.00225
0.996954
1.00172
0.999005
0.995394
1.00255
1.0027
0.992256
1.00611
1.00432
1.0005
0.999953
1.00363
1.00844
0.99439
0.997655
0.994562
0.994206
0.995241
1.00186
1.00542
1.00103
0.995226
0.994827
1.00263
1.00595
0.99644
0.996459
0.997511
1.00512
0.998762
1.00156
0.998516
1.00097
0.998935
0.999118
0.99404
1.00458
0.997758
1.00509
1.00188
0.999988
1.00231
0.999085
1.00235
0.996482
1.00035
1.00002
1.00353
1.001
0.996733
0.996942
1.00185
0.994186
1.00547
0.993269
1.00241
0.99814
0.996361
1.00413
1.00463
0.995336
0.997894
1.00199
1.00004
1.00213
1.00291
0.99964
0.999243
0.997288
0.997971
0.999905
1.00008
0.998759
1.0056
0.997288
1.00015
1.00249
0.999979
0.999947
0.992406
0.998472
1.00023
0.995519
0.998957
1.00109
1.00671
1.00514
0.999965
0.998196
1.00013
0.999457
1.00091
1.00475
1.0022
1.00475
0.996118
1.00234
0.99644
0.993869
0.997084
1.00059
1.0027
1.00418
1.0044
1.00544
1.0009
0.999293
1.00391
1.0018
0.997996
1.00275
1.00361
0.998156
1.00613
1.00633
0.998923
1.00001
0.995918
1.00281
0.996372
1.00439
0.99878
0.999251
0.994129
1.00015
0.996885
1.00324
1.00486
1.00501
1.00053
0.99538
1.0016
0.998675
1.00263
1.00655
1.00044
1.00629
0.998613
1.00218
0.999388
1.00106
1.00015
1.00168
1.00357
1.00364
1.00115
1.00126
1.00101
0.998851
1.00078
1.00117
1.00505
1.00086
0.995174
1.00097
0.998213
0.998292
0.994787
0.99672
1.00178
1.0023
1.0024
1.00115
0.998271
1.00237
0.99842
1.00089
1.0005
1.00206
1.00085
1.00159
1.00232
0.998177
1.00125
1.00161
1.00236
1.00304
1.00595
1.00114
1.00215
0.999257
0.997749
1.00219
0.997897
1.00188
1.00583
0.997218
0.998998
0.997315
1.00064
0.997239
1.00207
1.00085
1.00097
1.00282
0.998197
0.994866
1.00196
1.00371
0.990542
1.00342
1.00037
1.00142
1.0022
0.99503
1.00007
1.00128
0.997667
0.999389
1.00114
1.00083
1.00404
0.998321
0.99714
1.001
0.996082
0.996328
0.992812
0.99333
0.99772
0.999984
0.994652
0.996335
0.993639
1.00418
0.995732
1.00175
1.00112
1.00391
0.998683
1.00192
1.00307
0.995043
1.00219
1.00745
1.00571
0.999139
1.00397
0.99659
0.998907
0.997802
0.999193
1.00161
1.00095
1.00513
0.999657
1.00038
1.00347
1.00281
0.996568
1.00097
1.00019
1.00415
1.0032
1.00238
0.998142
0.995766
0.997823
0.996078
0.990105
1.00544
1.00094
1.00878
1.00343
1.00584
0.999854
1.00162
1.00294
0.99834
0.998733
1.00513
0.997609
1.00033
0.994799
1.0039
0.996039
1.00074
1.00286
1.00895
0.996301
1.00017
1.00493
0.998597
1.0028
0.996892
0.993608
0.999976
1.00089
0.994604
1.00035
1.00926
1.00598
1.00299
0.992926
1.00043
1.00086
1.00913
0.998331
0.997336
0.999673
1.00631
0.996679
0.99862
1.00498
1.00299
0.995962
0.994656
1.00475
0.99258
1.00326
0.99286
0.998935
1.00279
0.998909
0.997839
0.996757
1.00156
0.995251
0.996189
0.995119
0.995211
0.998042
0.999094
0.998556
0.995646
0.995985
1.00442
1.00071
1.0034
0.996298
0.991093
0.997856
0.997601
0.994417
1.00238
1.00232
0.998684
1.00382
1.00244
1.00139
0.99516
1.00467
1.00068
0.995197
1.00234
1.00001
1.0041
0.996176
1.00025
1.00369
0.997918
0.998704
1.00031
1.00017
0.99541
1.00282
1.00662
0.997522
1.00388
0.998986
1.00053
1.00304
1.00056
1.0022
0.994284
0.994635
1.00306
0.998156
0.999053
0.995178
1.00137
0.998237
1.00406
1.00296
0.99541
0.997086
0.994506
1.00324
0.997792
1.00328
1.00129
1.00196
1.00111
0.999413
0.996347
0.999634
1.0018
0.997869
0.994529
0.998663
0.996268
0.99957
1.00329
0.993995
1.00145
1.00238
0.999672
1.00458
1.0029
0.993037
0.998925
1.00168
1.00058
0.996028
0.99823
0.998436
1.00345
1.00464
0.998917
0.994575
1.00035
1.0091
0.994778
0.998875
0.997342
1.00483
1.01158
1.00099
1.00975
1.00365
1.00036
1.00252
0.997277
0.99584
1.00204
0.998901
0.996192
1.00687
0.996347
0.997173
0.994527
0.987187
0.997906
1.00086
1.00381
0.994931
0.997367
0.99371
0.999817
0.997923
0.999677
1.00015
1.00479
0.998159
0.997751
1.00331
0.999443
1.00453
1.00021
0.999587
0.993081
0.995835
0.998594
0.992219
1.00591
1.00208
0.998192
0.99807
0.999616
1.00554
0.996605
0.998798
0.992727
0.997528
1.00771
0.997188
1.00299
1.00402
1.00535
0.998545
1.00633
1.00821
1.00377
0.998899
0.998524
0.99962
1.00001
0.997287
1.00101
1.00413
1.00209
1.0034
0.995603
1.00185
0.998916
0.999112
1.00304
0.999847
0.989016
1.00101
1.00016
1.00288
0.999239
0.997083
1.00447
1.00293
0.999514
0.99674
1.00287
0.996404
0.996016
0.999985
0.998798
1.00437
1.0018
0.997037
0.998145
1.00124
0.994401
1.00388
1.00189
1.00402
0.998855
1.00105
1.00397
0.998106
1.00063
0.996013
0.998359
0.999237
1.00187
1.00265
0.994051
0.997935
0.999201
1.00054
0.996648
0.995063
1.00382
1.00059
1.00338
0.999481
0.996421
1.00048
0.991822
0.996714
1.00035
0.996013
0.999453
0.994435
1.00544
1.0013
0.995309
1.00091
0.994381
0.994132
1.0012
0.999166
1.00205
1.00273
0.997668
1.00168
0.995899
1.00191
1.00149
1.00136
0.997486
1.00474
1.00293
0.99816
1.0008
0.997219
0.995773
1.00023
0.997425
0.99678
0.994203
1.0031
1.00085
1.00104
1.00571
0.996898
0.993691
0.997679
1.00228
0.99403
0.995661
1.00223
1.00003
0.998166
1.00041
0.995892
0.999024
1.00775
1.00929
1.00265
0.998133
0.999288
1.00206
0.998026
0.999453
0.98986
1.00327
0.993691
1.00275
1.00417
0.999905
1.00204
0.995413
1.00257
0.993692
0.994155
0.99775
1.00454
0.995349
1.00179
0.9992
1.00443
0.995624
1.00179
0.997769
1.00026
1.00262
0.997681
0.996088
0.997753
1.00064
1.00321
0.99435
1.0027
0.998748
1.00139
0.996613
1.00182
0.998298
1.003
0.996322
0.99447
1.0017
1.00533
1.0021
0.994482
1.00382
1.00542
1.00224
0.998355
1.00013
0.999876
1.0029
0.999303
1.00519
0.998436
1.00077
0.999228
1.00679
1.00758
1.00318
1.0018
1.0028
1.00066
0.994084
0.995985
0.995419
0.996959
0.996662
0.999356
0.998654
1.00534
1.00502
0.996994
0.99749
0.994207
1.00185
1.00212
0.998404
1.00077
1.00058
0.995761
1.00057
1.01201
0.996696
0.994572
0.995405
0.996795
1.00405
0.997097
1.00493
1.00021
1.00509
1.00026
0.99656
1.00369
1.00003
1.00578
1.00375
1.00374
0.999119
0.998965
0.998897
1.0026
1.00624
1.00158
0.99936
0.999438
0.999788
1.00204
0.997691
1.00444
0.994836
1.00094
1.00207
1.00145
0.998836
0.998545
1.00041
0.995861
1.00216
1.00335
0.998119
0.998242
0.993945
0.993735
0.994263
0.997754
0.994413
1.00549
1.00101
1.00077
0.992614
1.00025
0.999605
0.99904
0.99863
0.992082
0.999672
0.996947
1.00217
0.999285
1.00185
1.00754
0.99865
1.00015
0.992433
0.996876
1.00055
1.00415
0.992982
1.00361
0.996744
0.995189
0.999138
1.00003
0.995886
1.00652
0.996308
1.00002
0.999756
0.991665
0.994149
0.994578
0.997331
1.00475
0.998506
1.00356
1.00458
0.995911
0.999148
1.00371
0.997087
0.995125
0.998194
0.998469
0.995069
1.00287
0.99549
0.999034
1.0042
1.00464
1.00331
0.999323
0.994297
0.999926
1.002
0.997257
0.998195
1.00038
0.996339
1.00131
1.00113
0.990377
0.997438
0.996314
0.996733
1.00118
1.00747
0.994445
1.00294
1.00378
0.997979
0.998781
0.993416
1.00568
1.00088
1.00133
1.00258
1.00379
1.00455
0.996311
0.999669
1.00151
1.00055
0.995892
0.998539
0.993358
1.00713
0.99647
0.997898
1.00195
1.00248
1.00035
1.00049
0.993095
0.998852
1.00042
0.999427
1.00277
0.999717
1.00116
0.997898
1.00134
0.997748
1.01063
1.00109
1.0045
1.00754
0.998639
0.998367
0.997515
1.00239
0.993944
0.999062
1.0068
0.999538
0.9977
1.00097
0.996007
1.00463
0.994928
1.00276
1.00566
1.00328
0.999665
0.993596
0.999607
1.00141
1.00425
0.99212
1.0056
1.00309
0.996707
1.00074
1.00712
0.997699
0.999519
0.997656
1.0049
0.99443
0.997827
0.992446
0.997506
0.997437
0.999724
1.00118
1.00133
0.998123
1.00133
1.00302
1.0042
0.996837
0.997508
0.996678
0.995268
1.00612
1.00344
1.00333
0.990855
0.996339
0.996314
0.994423
1.0077
1.00368
1.00532
0.999928
0.999503
0.999868
1.00622
1.00064
1.00431
0.999444
0.9965
0.99398
1.00277
1.00122
1.00357
1.00819
1.00737
1.0078
1.00063
0.997891
1.00118
1.00531
0.999448
0.99877
1.00171
1.00063
1.00268
0.99422
1.00223
0.996843
0.999669
0.996721
0.99626
0.997722
1.00044
0.995982
0.998344
1.00053
1.00411
1.00309
0.998339
1.00464
1.00389
1.0001
1.0073
0.994382
1.00417
0.999762
0.997755
0.993761
0.99648
1.00083
0.998144
1.00066
1.00087
0.999126
1.00189
0.998751
0.996198
1.00035
0.999226
0.997931
0.9997
1.00118
0.997981
1.00239
1.00306
1.00041
1.00175
1.00198
1.00283
0.997004
1.00328
0.999849
0.999106
1.00199
1.00463
1.00263
0.994992
1.00257
1.00078
1.00036
1.00385
1.00347
0.996161
1.00165
0.997244
0.995539
1.00073
1.00039
1.00489
0.999822
0.995689
1.00297
1.00421
1.00218
1.00482
1.00108
0.999263
1.00195
1.00045
1.00622
0.998021
0.999698
0.997764
1.00054
1.00604
0.997071
0.998747
0.996508
1.00444
0.990568
0.998755
1.00612
1.00548
0.99553
0.99872
1.00503
1.00193
0.999444
0.994072
0.995062
0.996946
1.00059
1.00184
0.999528
1.00404
1.00183
0.999226
1.00206
0.993239
0.997136
0.991462
0.996075
0.997094
0.9981
1.00081
1.00049
0.997192
0.999323
1.00027
0.996474
1.0005
0.99528
0.995378
0.999053
1.00614
0.996937
1.00243
1.00562
0.996238
0.994263
0.997724
0.99927
0.999321
0.997704
0.994203
0.998608
1.00107
1.00394
1.00236
0.995255
1.00113
1.00058
0.996317
0.998435
1.00223
0.998511
1.00368
0.999135
1.00332
0.993375
1.0021
1.00056
1.00177
0.999943
0.996086
0.998014
0.999043
1.00113
1.00064
0.996494
1.00823
0.996903
1.00372
1.01074
0.999452
0.998977
0.998229
0.998149
0.999962
0.9989
0.994452
1.0018
1.00216
1.0025
0.997231
1.00049
0.999338
0.999744
0.994275
1.00249
1.00077
1.00483
0.999449
0.99368
0.998531
1.00088
0.992938
0.996875
0.999136
1.00092
1.00262
0.998183
1.00202
0.998483
1.00158
1.00074
0.99967
0.998813
1.00068
0.995997
0.994981
0.995793
0.997274
0.995852
0.996519
1.00243
1.0006
0.996175
1.00172
0.995999
0.998588
0.997407
1.00006
0.99515
1.00071
1.00175
1.00265
0.99622
0.995562
1.00541
0.993704
1.00825
0.999344
0.998892
1.0044
1.0017
1.00243
1.00114
1.00229
0.998375
0.990715
1.00246
0.997614
1.00209
0.995419
0.995524
0.997919
1.00246
0.99439
0.998783
1.00283
0.992297
0.999426
0.993356
1.00521
1.00678
1.00172
0.998273
0.996597
1.00107
1.00612
0.999362
0.995171
1.00492
0.99825
0.998897
0.995499
0.99636
0.999588
1.00529
0.99524
0.999961
1.00327
0.997524
0.997009
1.00712
1.00474
0.996314
1.00156
0.99866
1.00415
1.00093
0.997221
0.997615
0.999789
1.00552
0.998802
0.998062
0.997994
1.00549
1.00546
0.998105
0.998635
0.995199
1.00128
1.00715
0.991765
1.00434
1.00193
0.998116
0.994973
0.996473
1.00834
0.996488
0.994979
0.996847
0.998928
1.00308
0.999155
1.00595
1.00351
0.998243
1.00298
0.994933
1.00316
1.00143
0.998488
0.992689
0.999359
1.00325
1.00405
0.997552
0.997905
1.00049
1.00247
1.00154
1.00144
1.00118
0.998849
0.998353
0.998007
1.00219
0.99702
0.997199
0.993992
1.0014
1.00241
0.991031
0.999901
1.00184
1.00266
0.997355
1.00518
1.00029
1.00433
0.997828
0.996491
0.998922
0.997886
0.998343
1.00015
0.998917
1.00166
0.996427
0.998937
0.995971
0.996721
1.00735
1.00343
1.00347
0.999505
1.00393
1.00142
1.00136
0.995445
0.998728
1.00005
1.00505
0.999098
0.997472
0.997019
1.00226
1.00292
1.00033
1.0041
0.994453
1.0007
1.00027
0.996358
0.99925
0.994337
1.00792
0.998851
1.00277
0.998568
1.00434
0.990029
1.00145
1.00016
0.998245
0.996493
1.00559
0.997773
0.996644
1.00573
1.00137
0.998899
1.00072
1.00143
1.00569
1.00357
0.998205
1.00545
0.996146
1.00391
0.995009
1.00094
0.999242
0.996295
1.00292
0.999682
0.995055
0.998402
1.00357
1.00509
0.996518
1.00224
0.996943
1.00568
0.994573
1.00436
0.997654
0.996889
0.99847
1.0008
0.995566
1.0013
0.998645
1.00267
1.00109
0.999629
1.0041
1.00576
1.00164
1.00536
1.00292
1.00202
0.996737
1.00619
1.00244
1.00311
1.00432
1.00071
1.00215
0.999883
1.00235
1.0072
0.999533
0.999868
1.00068
1.00062
1.00808
0.994052
0.996543
1.00229
1.00141
0.999363
1.00285
1.00785
1.00188
1.00152
0.995597
1.00036
0.993934
1.00458
0.998671
1.00695
1.00051
0.99754
1.00114
0.996883
0.999867
1.00108
0.999736
1.00235
1.0032
0.999945
0.997393
1.00731
0.999553
0.999674
0.997875
1.0022
0.997818
1.00236
0.99863
0.994253
1.00343
1.00014
1.00127
0.994585
1.00099
0.996718
1.00163
1.00163
1.00198
0.991543
0.998519
0.999195
1.00103
1.00704
0.997676
1.00231
0.997947
0.994508
1.0009
0.998667
1.00888
1.00506
1.00186
0.995061
1.00482
1.00052
1.00101
0.993287
1.00699
1.0048
0.996741
1.00088
1.00029
0.999471
1.00178
0.998851
1.0004
0.994362
0.996628
1.00051
1.00357
1.00173
0.996894
0.996511
0.997257
1.0039
1.00308
0.992742
0.998016
0.995593
0.994632
0.998838
1.00938
0.995375
1.00348
1.00111
1.00216
0.998827
1.00216
0.997861
0.999958
1.00132
1.00359
1.00175
1.00013
0.996752
0.995293
1.00234
1.00137
1.0007
1.00247
0.993269
1.00492
1.00164
1.00216
0.996505
0.992329
0.999552
0.996068
1.00221
1.00198
1.00364
0.993722
1.00844
1.00029
0.998837
0.998536
0.999999
1.00035
1.00772
1.00611
1.00493
1.00142
1.00073
0.992799
0.996
0.996673
0.997152
1.00128
0.999777
0.997909
0.992689
1.00749
1.0036
0.995464
1.00077
1.00671
0.999488
1.00246
0.998728
0.995799
1.00398
0.994833
0.999293
1.00512
1.00645
1.00092
0.997201
1.00218
1.00174
1.00275
1.00468
0.996578
1.00375
1.00278
0.999334
1.00734
1.00441
1.00035
1.00394
1.00049
1.00052
0.994606
1.00961
0.996056
1.00509
0.999792
1.0009
0.998154
1.00143
1.0004
1.00044
1.00046
1.0029
1.00155
0.999032
0.995665
0.991893
0.99204
0.993191
1.00344
0.993226
1.00028
1.00678
1.00056
0.997765
1.00368
0.99825
1.00274
1.0022
1.00061
0.995784
0.99298
1.00347
1.0024
0.994036
0.999082
1.00005
0.997937
1.00131
1.00097
0.996385
0.999667
0.997736
0.997828
0.998536
0.999631
0.991851
0.996962
0.999362
1.00035
0.999991
1.00532
0.997139
1.00237
1.00399
0.999387
1.00296
1.00284
1.00326
1.00013
0.99311
0.997832
0.998488
0.999884
0.99898
0.998185
1.00265
0.999662
0.99322
0.998031
1.00226
1.00251
0.994763
0.997416
0.999187
0.999774
0.995496
0.994171
1.00136
0.998419
0.999411
1.00088
0.995777
1.00194
1.00232
1.00808
0.992463
0.999408
1.00134
0.998716
1.00045
0.997353
0.999128
1.00431
0.996362
0.993264
1.00197
0.996797
0.99616
1.0075
0.993901
1.00037
0.995828
1.00946
0.995482
1.00664
0.996592
1.00348
0.998359
1.00231
0.998643
1.00069
0.998455
1.00142
1.00145
0.996695
1.00098
0.999345
1.00068
0.998699
0.999823
1.00642
0.997888
0.996205
1.0052
1.00256
0.993714
0.995103
1.00385
0.997879
0.998804
1.00338
1.00457
0.999628
1.00303
1.00217
0.998177
1.00069
1.00247
1.00096
0.996253
0.994634
0.993464
0.997429
0.996096
0.99858
1.00383
0.997812
0.997347
0.996163
1.0006
0.997726
0.997282
1.00608
1.00083
1.00196
0.994657
0.996908
1.00333
0.994747
0.998466
1.00845
1.00092
0.996431
0.993277
0.99865
1.00099
1.00544
1.00064
1.00326
0.998849
1.00271
1.00549
0.99796
1.00056
0.996994
1.00181
0.995577
1.00588
1.00338
1.00976
1.00631
0.99902
1.00098
0.995274
0.994311
1.00204
1.00212
1.00129
1.00127
0.992356
1.00313
1.00736
1.00037
0.997047
0.992925
1.0002
0.99926
0.996135
1.00144
1.00319
0.994786
1.00049
1.00243
0.991442
0.994672
0.996121
1.00115
0.998035
0.997381
0.997606
0.999388
0.996338
0.997444
0.99724
1.00255
1.00417
1.00097
0.997685
0.994907
1.004
1.00279
1.00071
0.996797
0.997251
1.00475
0.996462
0.992848
1.00577
0.993953
1.00008
1.00065
0.994269
0.996978
0.998753
1.00279
0.996387
0.999212
0.996083
0.99894
0.993775
0.995167
1.00774
1.00234
0.997319
0.993139
0.9983
0.997644
0.996141
1.00443
0.995443
0.999718
1.00522
0.997194
0.999593
0.998112
1.00055
1.00341
1.00098
1.00365
0.996841
0.99621
0.999196
1.0035
1.00004
0.99793
0.998433
1.00086
0.996256
0.998521
0.999112
1.00284
1.00498
0.998161
1.00081
0.999109
1.00171
0.996543
0.996222
0.999845
1.00034
1.00705
0.996019
0.998481
0.998886
0.993172
1.00489
0.997721
1.00446
0.99953
1.0016
0.996777
0.995656
1.00143
1.00766
0.997612
0.999892
0.99541
1.00785
1.00133
0.999308
1.00381
0.997455
0.997647
1.00206
1.00227
1.00251
1.00175
1.00176
1.00209
0.994369
1.0002
0.99578
0.997831
0.999387
1.00135
1.00115
0.995928
0.996032
0.996659
1.00179
1.00601
0.999364
0.996342
0.996397
1.00182
1.00052
1.00196
0.99764
0.997299
0.995788
0.998488
1.00422
0.999793
0.999488
0.999317
0.996087
0.995427
0.989426
1.00624
1.00289
1.00097
1.00033
0.99613
1.00332
1.00189
1.00787
0.99871
0.999042
0.997054
0.997293
0.998055
1.00145
0.997833
0.997985
0.99745
1.00574
1.00151
1.00346
0.997231
1.00257
0.999262
1.00647
0.999763
1.00117
0.998255
1.00645
1.00009
0.992103
0.996634
0.997137
0.997044
1.00665
0.99505
1.00513
0.999156
1.00324
0.99841
1.00291
0.99601
0.998497
0.996749
0.997209
1.00272
1.00441
1.00273
1.00834
0.997342
1.00019
1.00811
1.00038
1.00336
1.00551
1.00211
0.993678
0.993591
1.0003
0.994162
1.00045
1.00147
1.00027
0.999627
0.996861
0.996661
1.00326
0.996527
0.997037
1.00017
1.00169
0.998253
1.00389
0.999359
1.00123
1.0009
1.00399
0.99412
0.998403
1.00158
0.998886
1.00561
1.00217
1.00405
0.998831
1.00202
1.00177
1.00088
0.999238
0.998918
1.00455
0.998935
1.00285
0.997016
1.00227
1.01029
1.00207
0.994437
0.999008
1.00523
1.00045
0.9995
1.00641
1.00279
0.998965
1.00167
1.00107
0.999878
0.998944
1.0043
0.999299
0.996191
0.99687
0.996102
1.00172
0.998469
0.998106
0.996561
0.997574
0.995805
0.999956
0.999223
1.00138
0.996609
0.99789
0.996705
1.00314
1.00003
0.997664
1.00387
0.999081
0.998595
0.992353
1.00055
1.0032
1.00586
0.999217
0.997667
1.00403
1.0016
0.996339
1.00794
0.995524
1.00347
1.00109
0.999614
1.00056
1.00177
0.998194
1.0015
0.998498
1.00308
0.998512
0.995227
0.993787
1.00355
1.00168
0.996759
0.995187
1.00144
0.995858
1.00087
0.997416
1.00284
0.992978
1.00401
1.00184
0.998728
0.999748
0.996499
1.0005
1.00269
0.993789
0.998114
0.997675
0.998978
0.99987
0.994405
1.0017
0.998805
0.993416
0.99863
0.996173
0.998717
0.996814
0.99747
0.995653
1.00496
1.0059
1.00166
0.994428
0.999235
1.00134
1.0046
0.998123
1.00094
0.996389
0.995637
1.00714
0.998278
1.00061
1.00235
1.00147
0.992766
1.00271
0.997528
0.992212
1.0011
1.00317
0.998221
1.00581
1.00281
1.00132
1.00388
1.00433
0.99456
1.00065
0.998313
0.997462
0.999165
1.00104
1.00208
0.994967
1.00084
1.00198
0.996798
0.995669
1.00086
1.00112
1.00377
1.00148
0.999348
0.999695
0.99605
0.995336
1.00079
1.0003
1.00214
1.00163
1.00966
0.999345
1.00741
1.00292
1.0051
1.00263
0.997668
1.00296
1.00419
1.00367
0.997973
1.00482
0.999929
1.00068
1.00431
0.998837
0.994094
1.00325
1.00237
1.00212
0.997976
1.00206
1.00415
0.995586
0.996057
1.00052
1.00007
1.00317
0.994896
0.997465
0.993835
0.99202
0.998686
0.999438
0.998592
1.00206
0.9915
1.00438
1.00395
0.999772
0.997619
1.00499
0.996716
1.00372
1.00487
1.00297
0.995978
1.00361
1.00136
1.00071
0.999147
0.996516
1.00631
1.00327
1.0032
1.00158
0.998242
0.999006
1.00162
1.00248
1.00054
1.00391
1.00385
0.998194
1.00532
1.00049
0.999589
0.996103
1.00298
1.00236
1.00089
0.989704
0.994996
0.998299
0.999526
0.98711
0.994115
1.00223
0.995023
0.995784
1.0018
0.998881
1.00251
1.00173
1.00068
1.00544
1.00894
1.00158
1.00692
1.00381
1.0011
1.00511
0.999213
0.99923
0.998603
0.993514
1.00326
0.999969
1.00044
0.998593
0.99714
0.99338
0.998142
0.996457
1.00188
1.00255
0.999533
0.998286
1.00137
1.00393
1.00133
0.998624
0.99929
1.00174
1.00038
1.00335
0.998344
1.00124
0.997675
0.993691
0.996057
0.998158
1.00272
1.002
0.996333
0.997979
0.997877
1.00173
0.999157
1.00188
1.00641
0.998846
1.00195
0.99853
1.0049
0.998982
1.00116
0.995667
0.998772
1.00174
0.999526
1.00289
0.997914
1.00338
1.00138
1.00075
0.998604
0.996124
0.999664
1.00691
1.00036
0.996535
0.997415
1.00405
0.999156
0.999088
0.998458
0.999179
1.00005
1.00081
1.00139
1.00536
1.00131
1.00475
1.00071
1.00041
1.00261
1.0024
1.00218
1.00248
0.997192
0.999495
0.999901
0.990824
0.995083
0.998233
0.996738
1.0053
1.00236
0.999409
1.0035
0.995223
0.994541
0.998564
1.00346
1.0005
0.998418
0.996966
0.999892
0.997308
0.996349
0.998057
0.999558
1.00237
1.00271
1.00139
0.997464
0.99451
0.998995
0.995821
0.993501
0.997909
1.0027
0.992342
1.00027
1.00129
1.0085
1.0069
1.00299
1.00141
0.999697
0.996583
0.999973
1.00057
0.998807
1.00477
0.997033
0.996092
1.00066
1.00251
0.998714
0.998738
0.996161
0.999717
0.998274
0.994999
1.00297
1.00053
1.00084
1.00483
0.992219
0.994903
0.999383
0.998949
0.996925
0.995497
1.00052
0.997682
1.00137
1.003
1.00461
1.00049
0.993371
0.999544
0.99625
0.999168
0.999801
1.00263
1.00117
0.998605
1.00348
1.00289
0.997881
1.00338
0.999766
1.00161
0.999759
0.999906
0.997419
0.999131
0.998667
0.994659
1.00353
1.00213
1.00025
0.996509
0.996782
1.00088
1.00466
1.00348
1.00092
0.998291
0.994163
0.999306
0.998711
0.997236
0.997914
0.995884
1.00012
1.00021
1.00571
0.995007
1.00399
0.996296
0.999093
1.00027
0.999712
1.00332
1.00105
0.998531
0.999679
1.00313
1.00718
1.00431
0.998105
0.998203
0.997224
1.00268
1.00043
0.99991
1.00053
1.00309
1.00136
0.998926
0.998792
0.9916
1.005
0.993864
0.999204
1.00028
1.00037
1.0017
1.00055
1.00105
0.995907
0.996845
1.00342
0.998724
1.00168
1.00517
1.00478
1.00081
0.997702
1.00233
1.00733
0.99585
0.994512
1.00009
1.00589
1.00115
0.999821
0.998696
1.00049
1.0036
0.99958
1.00328
1.00216
1.00261
1.00063
1.00172
0.995816
0.997494
1.00326
1.00339
1.00286
1.00433
0.999494
1.01134
0.993456
0.995236
1.00855
0.997679
0.999861
1.00676
1.00057
0.995062
1.00028
1.00628
1.00173
1.00332
1.00039
1.0066
0.994325
0.999653
0.999103
0.994862
0.998181
0.998565
1.00226
0.997437
1.00215
0.999268
1.00384
0.999027
1.00306
1.00678
0.996573
1.0058
1.00297
1.00651
1.00224
0.997925
1.00145
0.998096
1.00153
0.997565
0.99897
0.998498
0.998054
0.991942
0.996256
0.996366
1.00294
0.998985
1.00132
1.00223
1.00059
0.998863
1.00126
0.999128
1.00201
0.998942
1.00267
1.00231
0.996389
0.998013
0.996483
1.00516
1.00164
0.996709
1.00093
0.998163
0.999097
1.00399
1.00162
0.997519
1.00608
0.998043
1.00282
1.00077
1.00535
0.995679
1.00736
0.99927
0.999864
1.00099
0.999958
1.00433
0.999907
0.992648
1.00344
1.00152
0.997276
1.00009
0.996122
1.00015
0.993425
0.989865
1.00063
1.00317
1.00486
0.995275
0.999019
1.00143
0.999077
0.995097
0.999912
1.00046
1.00223
1.0025
1.00165
1.00199
1.00219
0.999713
0.998576
1.00247
0.996863
0.994277
0.998939
0.997925
0.997422
0.996763
0.994982
1.00239
0.99669
0.999449
0.99221
0.999676
1.00063
1.00326
1.00429
0.999183
1.0008
0.996763
0.997192
1.00166
1.00631
1.00032
1.0003
0.998048
0.997894
1.00455
1.00358
1.00195
0.998447
1.00014
1.00032
0.998312
1.00332
0.997505
0.997176
0.999833
1.0028
0.993208
0.997191
0.997239
1.00012
1.00044
1.00543
0.997772
1.00344
1.00018
1.00057
1.00521
1.00164
0.998888
0.998222
1.00072
0.99652
1.00079
0.995338
0.996203
0.998879
1.00628
0.995837
0.995527
1.00268
0.999495
0.997571
0.998278
0.993236
1.00264
1.00756
0.998595
0.997977
0.995568
0.997134
1.00243
0.99922
1.00548
1.00628
1.00505
0.996986
1.00158
0.999085
1.00057
1.00396
1.00752
0.998386
0.996985
0.993547
0.994885
0.99643
1.00104
0.998145
1.00667
0.998584
0.997029
0.994506
1.00261
1.00194
0.99713
1.0063
0.999529
0.993668
0.998776
0.996888
0.994752
1.0008
0.994634
0.998391
1.00023
0.995174
0.999748
0.998322
0.991637
1.00229
1.00122
0.996063
1.00271
0.997367
1.00279
1.00058
0.997901
1.00236
1.00671
0.999847
1.00505
1.00254
1.00112
1.00249
0.99754
0.997897
1.00439
1.00176
1.00803
0.996808
1.00102
0.992856
0.996736
1.00919
1.00062
1.00353
0.999164
1.00388
0.997961
0.995969
1.00434
0.993199
0.997258
0.997708
0.996327
1.00365
0.99818
1.00442
1.00534
0.993901
1.00372
1.00035
1.00144
1.00182
0.995925
1.0057
1.00218
1.00329
0.997923
0.999728
0.997553
0.992734
1.00369
1.00329
1.00028
0.994119
1.00598
0.999095
1.00738
0.996299
0.994888
0.996755
1.00384
1.00216
0.998864
1.00133
1.00706
1.00274
1.0027
0.997234
1.00109
1.0015
0.998621
1.00195
0.998328
1.00277
0.998687
0.996715
1.00067
1.0012
1.00123
1.00673
0.999046
1.00167
0.999475
1.00313
0.996714
0.999341
0.999411
1.00037
0.996234
0.998402
1.00105
0.994906
0.992416
1.00101
0.992623
1.00123
0.996849
1.00477
1.00091
0.996288
0.999688
0.995614
0.998726
0.996615
0.998614
0.996173
1.00182
1.00331
0.997202
1.00248
0.997723
1.00285
0.998151
1.00482
0.996847
0.997458
1.00332
1.00833
0.998682
0.996856
1.00394
1.00103
0.999983
0.995267
0.998567
1.00163
1.00619
1.00229
1.00757
0.997537
1.00597
1.00334
1.00043
1.00129
0.997122
1.00296
0.997899
1.00129
1.00249
0.990625
1.00457
1.00319
0.997371
0.99549
0.991485
1.00028
1.00154
1.00287
1.00247
1.00084
0.99804
1.00091
1.00247
0.998677
1.00479
0.998006
0.997121
0.994899
0.993094
1.00199
1.00133
1.00591
1.00028
0.99019
0.998554
1.00492
0.999841
1.00313
1.0011
1.00256
0.997784
0.999865
0.996692
0.998628
0.993937
0.998075
1.0033
1.00023
1.00139
0.999528
0.996687
0.996549
1.00314
1.0051
1.00133
1.00573
1.00564
1.00462
0.999343
0.993731
1.00419
0.99739
1.00619
0.99737
1.00265
0.992497
1.0029
1.0011
0.994348
1.00204
0.992936
1.00347
1.00167
0.995556
1.00267
1.00337
1.00191
1.00089
0.997793
1.00181
0.999914
0.996763
1.0004
1.00212
0.995987
0.999531
0.995979
1.00363
0.998328
1.00035
1.00568
0.997055
0.99933
1.00223
0.999867
0.9993
1.0055
1.00242
0.999995
1.00163
0.997525
1.00149
1.00107
1.0057
1.00086
1.00101
0.998622
1.00167
0.998174
0.999312
1.00412
0.999921
0.99924
1.00176
0.995019
0.993414
1.00057
1.00075
1.00766
0.999628
0.999296
1.00238
1.00146
1.00879
0.998479
1.00038
0.998559
0.999063
0.999451
0.993932
1.0047
0.999744
0.995669
0.998074
0.999158
0.995258
1.00193
0.998612
1.00566
1.00417
1.00212
0.998819
1.00364
1.00105
1.00289
1.00401
0.995714
0.99567
1.00701
0.998985
0.994212
0.999603
1.00541
1.00501
1.00277
1.00098
1.00536
1.00033
1.00302
1.00178
1.00219
0.994505
0.999614
0.997536
0.999707
1.0007
1.00166
1.00252
0.996672
1.00649
0.998718
1.00019
0.998265
0.999336
1.0021
1.00061
0.997374
0.996677
1.00274
1.00445
0.99851
1.00415
0.999815
1.00394
1.00351
0.998524
0.998055
1.00823
0.993952
0.994699
0.998413
1.00217
0.999602
0.999526
1.00236
0.996142
0.998954
0.99958
1.0016
0.993178
1.00435
0.995053
1.00296
0.996697
0.998873
0.998704
1.00157
1.00182
0.997262
1.00207
1.00192
0.990789
1.00073
0.998052
1.00555
0.999887
1.01038
0.995579
1.00459
0.999951
0.998157
1.00146
0.999509
1.00015
1.00274
1.00046
0.993753
0.999207
0.998274
1.00156
0.997748
1.00358
0.995659
1.0008
1.00435
1.00135
0.999282
1.0022
1.00112
0.994061
0.998528
1.00148
0.999195
1.00106
1.0029
0.994567
0.993852
1.00588
0.997693
0.998201
1.00059
1.00342
1.00204
1.0025
0.995078
0.997946
1.00062
1.00916
1.00053
1.00479
0.996479
1.00013
1.00247
1.00443
1.00087
0.997787
0.998635
1.00808
1.00084
0.998261
1.00423
0.997655
1.00055
1.00254
0.99681
1.00862
1.00609
1.00412
1.00171
1.0002
1.00008
1.00899
0.994602
1.00403
1.00225
1.00346
1.00436
0.999812
0.999667
1.00177
1.00123
1.00648
1.00116
1.00609
1.00212
1.0004
1.00388
0.99656
1.00052
1.00551
0.998801
0.998395
1.00164
0.999622
1.00097
0.997128
0.997298
1.00805
0.999664
1.00054
0.99596
1.00061
0.999731
0.997615
1.00023
0.991734
0.999646
0.996352
0.997894
0.998372
0.996464
1.0007
0.995861
0.996983
1.00085
0.997808
0.996684
1.00046
1.00072
0.999361
1.00467
1.0034
0.998521
0.997421
0.994682
1.0064
0.994399
0.998549
1.00437
0.999504
0.997037
1.00222
1.0039
0.997515
1.00064
1.00399
1.00414
1.00489
0.998474
1.00387
0.99573
1.00014
1.00578
1.0024
0.992295
1.00196
1.00333
1.00166
1.00247
0.997909
0.991878
1.00552
1.00069
0.995085
1.00171
0.997862
0.996037
0.996955
0.998308
0.996555
0.998786
1.0014
1.00345
0.99953
0.999796
1.00129
1.00906
1.00029
1.0046
0.999548
0.999648
1.00538
1.00122
0.998457
1.00068
1.00386
1.00019
1.00791
0.999912
1.00117
1.00002
0.996641
0.997956
0.998509
0.995283
0.990084
1.00043
1.00332
1.00127
0.996096
0.999281
0.999685
0.996173
0.998361
1.00249
0.999011
0.999511
1.00206
1.00285
0.995666
0.995773
0.990501
1.00441
1.00552
0.994884
0.999945
1.00199
1.00861
1.00111
1.00035
0.995572
0.999262
1.00157
1.00797
1.00465
1.00476
1.00612
0.993993
0.996487
0.993392
1.00158
0.995985
0.999913
1.009
1.00277
0.999741
0.999705
1.00163
0.999649
0.99899
0.999467
0.999423
0.995681
1.00152
1.0026
1.00194
1.00268
1.00379
0.995347
1.00363
1.00182
0.997734
0.998477
0.996902
1.00074
1.00181
0.994826
0.996448
0.999332
0.99803
1.003
0.995984
1.0066
0.992445
1.00421
0.994303
1.00948
0.992934
1.00426
0.994758
1.00075
0.994268
1.00455
1.00238
1.00044
1.00595
1.00002
0.995918
1.00281
0.998807
0.995709
1.00189
0.988417
0.996692
1.002
1.00081
0.996247
0.998346
0.99847
1.00456
1.00143
0.99729
1.00018
0.998237
0.995258
0.996793
0.999457
1.00084
0.998618
1.00261
1.00209
1.00114
1.00242
1.00509
1.00144
1.00353
0.998442
1.00927
1.00482
0.996657
1.00372
0.998587
1.00009
1.00728
1.00925
0.996019
0.997692
1.00115
0.996151
1.00304
1.0012
0.998148
0.999363
1.00339
1.00085
1.0013
0.996546
1.00144
0.998849
0.992304
1.00003
0.996311
0.995157
1.00432
1.00212
1.00184
1.00163
1.00109
1.00431
0.999344
0.999003
1.00039
1.00483
0.996087
0.997087
0.997037
1.00022
1.00108
1.00059
1.00476
0.994729
0.997474
1.00176
1.00356
1.00393
1.00266
0.999956
0.999942
1.00804
1.00056
0.998726
1.00256
1.00101
1.0022
0.99514
0.997785
1.00264
0.995216
0.994429
0.998342
1.00283
1.00512
1.00579
1.00278
1.00235
1.00298
1.00175
0.998432
1.00071
0.996466
0.9993
0.999817
0.997926
1.00441
0.995619
0.993941
1.00282
0.995138
0.999172
0.995138
1.00167
0.999861
1.00297
1.00268
0.996485
0.999362
0.99841
0.999556
1.00085
0.995078
1.00486
1.00183
1.00264
0.997053
0.997427
1.0027
0.998481
0.99448
1.00536
1.00142
1.01037
1.00412
1.00318
1.00525
0.999762
0.998072
0.995897
1.00668
0.999806
0.99548
1.00391
0.998848
1.00027
1.00097
0.998017
1.00071
0.998692
0.996286
0.995901
0.996186
1.00273
1.00752
0.995776
0.99892
1.00184
0.997424
1.00214
0.999645
1.00824
1.00795
0.997694
1.00276
0.997011
0.996219
0.999551
0.997044
0.999008
1.0003
1.00401
1.00446
1.00295
0.997334
0.99914
1.00075
0.996825
1.00046
0.996607
0.999372
1.001
1.00044
1.00065
1.00207
1.00028
1.00285
1.00063
0.999564
0.997289
1.00116
0.998158
1.00543
0.994775
0.997849
1.0018
1.00539
0.9951
1.00301
0.996244
0.995294
1.00213
1.00307
0.99875
0.998348
1.00645
0.995222
1.00023
0.999151
0.998071
1.00507
1.00678
1.00349
1.0036
0.995847
1.00106
0.995867
0.99644
0.998789
1.00131
0.999812
1.00063
1.00094
1.00114
0.997711
1.00154
0.993346
0.997945
0.999897
1.00324
0.996815
1.00389
0.999617
1.00161
1.00415
0.994615
0.999716
1.00227
1.00138
1.00439
1.00221
1.00701
1.00231
0.998427
0.998463
0.996429
0.995858
1.004
0.995788
0.999772
0.99926
1.00315
1.00185
0.997291
0.995688
1.0004
1.00172
1.00299
0.999337
1.00356
1.00278
0.997211
0.999325
1.00281
1.00743
1.00191
0.996788
0.997421
1.00124
1.00243
1.0002
1.00212
1.00363
1.00288
1.00054
1.00118
1.00061
1.00036
1.00363
1.0044
1.0027
1.00431
0.999804
1.00465
0.996161
0.998013
1.00391
1.00034
0.991944
0.993185
0.994681
1.00084
1.00378
1.00311
0.996928
0.99299
0.998447
0.999573
1.00379
1.00338
1.00642
0.996213
0.995711
0.996614
1.00475
0.994998
1.00282
0.993594
0.999921
0.996569
0.998177
1.00302
1.0045
0.998529
0.99714
1.00196
0.996571
0.993618
0.99835
1.00065
1.00327
0.996737
1.00118
1.00228
0.996559
0.994617
1.00119
0.994795
1.00368
0.998245
1.00356
1.00354
1.00118
1.00227
1.00517
0.99905
1.00216
0.997536
0.999111
1.00295
0.993755
0.998062
1.00386
0.999003
1.00162
0.989503
0.997545
1.00391
1.0014
1.00171
1.0028
1.00246
0.992721
1.00101
1.0056
1.0007
1.00135
0.993851
1.00445
1.00238
1.00272
0.996068
1.004
1.00001
0.998108
1.00809
1.00018
1.00092
1.00363
0.999881
0.991101
0.994701
0.999479
0.998407
0.999338
1.00316
0.993989
1.00063
1.00486
1.00031
1.0027
0.997985
0.996986
1.00023
0.992605
0.999539
1.00153
1.00483
1.001
0.994856
1.00107
1.00099
0.999041
0.999606
0.998367
0.994962
1.00101
0.996548
0.99546
0.99945
0.996201
1.00211
1.00494
0.99765
0.997864
1.00285
0.998297
0.99615
1.00006
0.999112
1.00512
0.993155
1.00311
1.00266
1.005
0.99664
0.995576
1.00042
0.999365
0.994966
1.01098
1.00044
1.00595
1.00151
0.998383
0.997407
1.00409
0.998469
0.994261
0.999845
0.998731
1.00279
1.00196
1.00223
1.00109
1.00356
0.998334
1.0017
0.999753
0.998753
0.998643
1.00467
0.996375
0.99607
1.00106
1.0022
1.00334
1.00461
0.998506
1.00265
0.998201
1.00157
1.00393
1.00539
1.00086
1.00436
0.99938
1.00124
0.997257
1.0078
1.00188
0.994707
1.00487
1.00176
1.00118
1.0034
0.99616
0.993931
0.999182
0.995839
0.997371
1.0049
1.00261
1.00492
0.999022
0.998047
1.00088
1.00546
0.998773
1.00306
0.99965
0.999697
0.996596
0.999626
0.992051
1.00108
0.997108
0.994386
0.99891
1.00604
1.00408
1.00081
0.999883
0.997184
1.00402
1.00327
0.999893
0.998417
0.999153
1.00012
1.0066
1.00061
0.996134
1.00037
0.997619
0.997429
0.999716
0.996374
1.005
1.00663
1.00077
0.997372
1.00048
0.998584
0.996886
0.996357
1.00338
1.0016
0.993804
1.00465
0.999601
0.997128
0.997457
1.00725
1.00101
1.00257
0.996379
1.00445
0.99715
0.99956
0.998852
1.00339
0.996386
1.00345
1.00165
1.00372
0.996928
1.00282
0.996651
0.998111
1.00014
1.00105
1.00205
0.999454
0.99734
0.996933
0.994895
0.993273
1.00043
0.995108
0.998405
0.993672
0.993753
1.00767
0.994493
1.00359
1.00352
1.0004
1.00643
1.00417
1.00102
0.996128
1.01104
1.00192
1.0011
1.0021
1.00087
1.00202
0.992188
1.00179
1.00219
0.995619
0.993837
1.00015
0.997508
1.00562
1.0015
0.998229
0.996887
1.00003
0.999741
0.999453
0.998603
1.0056
1.00152
0.995733
1.00457
1.00195
0.99775
0.999043
0.999248
1.00356
1.00065
0.995344
0.996517
1.00168
1.00083
1.00292
0.996578
0.998847
1.00167
0.997949
0.998779
0.997426
0.999222
0.996371
1.00432
1.00191
1.0014
1.00179
0.999522
1.00169
1.00088
1.00079
0.99969
1.00642
0.999065
1.00079
1.00045
0.993423
1.00051
1.00795
0.999909
0.999145
0.996933
1.00559
0.998489
0.999989
0.996613
0.996827
1.00495
1.00383
0.99604
1.00226
1.00505
1.00082
0.997368
0.999725
0.994386
1.00112
0.996287
1.00222
1.00201
1.00077
0.994095
1.00456
0.997455
1.00412
0.995282
0.99938
1.00845
1.00337
0.997834
0.993678
1.00419
0.995666
1.00228
0.993077
1.00342
0.999503
1.00307
1.00402
1.00252
0.994306
0.999167
1.00505
1.00041
1.00648
1.00093
0.997487
0.99816
1.00471
1.00497
0.997206
0.995936
0.997456
0.997903
1.00367
1.00408
0.999508
1.00159
1.00372
0.996712
1.0034
1.00381
1.00109
0.995435
1.00398
1.00092
1.00144
1.00572
1.00254
1.00494
1.00554
1.0001
0.998087
1.00293
0.993359
1.0083
1.0031
1.00359
0.996982
1.00482
1.00481
0.998637
1.00173
1.0016
0.992809
0.997355
1.00413
0.993869
0.995442
0.998023
0.997135
0.999727
1.00067
1.00639
0.995639
0.996207
0.999589
1.0007
1.00159
0.999333
1.00085
1.00222
1.00261
1.00095
1.00123
0.993451
1.00217
0.996669
0.999482
1.00355
1.00447
1.00024
0.997834
1.00706
0.997706
0.999121
1.00517
1.00136
0.993546
1.00083
0.993197
1.00212
0.998922
1.00173
0.997406
1.00429
0.996616
0.994834
1.00227
0.993856
0.997818
1.00239
1.00193
0.997145
0.99849
1.00072
0.997802
1.00176
1.00077
1.00516
1.00657
0.995971
1.00495
1.0048
1.00472
1.0005
1.00046
0.997808
0.992491
0.998082
0.997258
0.997309
0.995124
0.99633
0.998059
0.999793
0.99644
1.00135
1.01053
0.997418
1.00199
1.00476
1.00038
1.0057
1.00221
0.996275
0.994406
0.995826
0.996508
1.00018
1.00093
0.99987
0.999756
1.00181
0.998057
0.999403
0.997809
0.996908
1.00208
1.00248
1.00543
0.996013
0.997383
1.00091
1.00472
0.998885
1.00591
1.00374
1.00512
0.999473
0.991503
1.00717
0.996066
0.999244
1.00492
1.00485
0.997572
1.00067
1.00109
1.0019
1.00131
1.00195
0.998727
1.00251
1.00536
1.00398
1.00167
0.998067
1.00267
0.999659
1.00936
0.999177
1.00381
0.997245
0.998862
1.00543
0.998826
0.99927
1.00264
0.996258
1.00076
1.00505
0.997199
0.996602
1.00079
1.00176
1.00269
1.00244
0.996731
0.993387
0.998379
0.994786
0.99492
1.00016
0.999915
1
0.997857
0.99725
0.999024
1.00219
1.00175
1.00026
1.00381
0.997242
0.99309
1.00196
0.999344
1.00224
1.00595
1.00154
0.996051
0.998843
0.993037
0.999655
0.999766
1.00039
0.997812
0.994359
0.997539
0.996724
0.998475
0.9954
0.997946
1.00448
0.993859
1.00166
0.99572
0.993273
0.99365
1.0008
1.00517
1.00178
1.00447
1.00375
1.00662
0.997378
0.996744
0.999365
0.994882
0.990508
1.00026
1.00016
0.998575
1.00019
0.997544
1.00381
1.00129
1.00143
0.999908
0.99589
1.00037
1.00605
0.997593
0.996092
1.00226
0.995109
0.997297
0.998842
0.998585
0.997978
1.00002
0.998172
1.00065
0.995248
0.99542
1.00073
0.994736
0.993057
1.00276
1.00201
0.999849
1.00237
0.995393
1.00179
1.00537
1.001
0.999738
0.999987
0.99879
1.00306
1.00165
0.995962
0.992556
1.00189
1.0003
1.00205
1.00663
0.998215
0.99871
1.00205
0.998566
0.99459
1.008
0.998121
1.00055
0.994382
0.999465
0.999942
1.00276
0.994078
1.00386
0.994606
1.00437
0.997734
1.00031
1.00613
1.00257
1.00178
1.00539
0.999859
1.0015
1.00609
1.00247
0.997932
1.00296
1.01116
1.00733
1.00066
1.00047
0.998704
1.00303
0.99502
0.997182
0.996235
0.999396
0.998499
0.996782
0.999746
0.998905
1.00412
1.00477
1.00499
1.00572
0.995687
1.00172
1.00242
1.00574
1.00293
0.997625
0.999153
1.00298
1.00612
0.997202
1.00085
0.997588
1.00267
0.998471
0.995991
1.00756
1.0021
1.00104
0.991923
1.00108
0.992829
0.998109
1.00087
1.00124
0.999774
0.997271
0.998301
0.997439
1.00245
0.999996
1.00214
1.00328
1.00221
0.998735
1.0008
1.00215
1.00101
0.99421
0.997121
1.00004
0.99253
1.00131
0.999766
1.00178
0.998034
0.997571
0.999616
0.998951
1.00328
1.00384
1.00158
0.999134
1.00113
0.999692
1.00214
1.00604
0.994043
1.00075
1.00133
0.998249
0.999084
0.997186
1.00526
0.996512
1.00286
1.0046
1.00458
0.992304
1.00284
1.00607
0.997153
0.994988
1.00178
1.00176
0.995132
0.996308
1.00499
1.00012
0.999745
1.00233
1.0011
0.996577
1.00115
0.999013
1.00314
0.996548
1.00416
1.00628
0.997829
1.00143
0.998681
0.999109
1.00715
0.999391
1.00241
1.0019
0.994852
1.00274
0.999996
1.00956
1.00362
0.998697
0.997545
1.00113
0.993459
1.0014
0.996136
0.994035
1.00316
0.99839
1.0011
1.00251
1.00273
0.992982
0.995037
1.00023
0.996749
0.999302
0.998024
1.00471
0.997836
1.0037
1.00213
0.99878
0.999644
1.00325
1.00053
0.999467
1.00162
1.00909
1.00007
0.999036
1.00358
0.999478
0.999924
1.00567
1.00055
1.00012
0.996743
1.00081
0.997176
1.00067
1.00076
1.00304
1.00023
1.00035
0.999632
1.00441
1.00424
1.00363
1.00335
1.00082
0.996901
1.00057
1.00241
0.996428
0.99019
1.00397
0.997093
1.00276
1.00202
0.999624
1.00012
0.995055
0.997033
1.00267
1.0027
0.997601
0.995162
1.00146
0.995838
1.00001
1.0014
0.99954
1.00216
0.996531
1.00061
0.996906
0.999065
0.998548
1.00613
0.999787
1.00151
1.00571
1.00254
0.999607
1.0001
0.997413
1.00107
1.00195
0.999694
1.0021
0.993806
0.999501
1.00101
1.00303
0.995041
0.995638
1.00206
1.00237
0.996416
0.998862
0.997559
1.00243
1.00205
1.00052
0.997749
0.998887
0.99984
0.999739
1.00165
0.999524
1.00033
1.00439
0.997216
1.0004
0.995531
0.995062
0.998214
0.996707
0.999935
1.00446
0.998897
1.00338
1.00051
1.00107
0.999304
1.00346
1.00212
1.00184
0.999919
1.00345
1.00162
0.990961
0.998581
0.999537
1.00361
1.00564
