0.984458
1.00834
0.990039
1.01367
1.0115
0.98721
1.00651
0.999613
0.99228
1.00394
0.994166
1.00138
1.01134
0.997326
1.00557
1.00769
0.973391
0.992135
0.986102
1.00413
0.999012
0.964261
1.00245
0.997686
0.994968
1.00651
1.01197
0.977099
0.998288
0.983603
0.998329
1.00594
1.01217
1.00408
0.990554
0.990522
0.993696
0.996056
1.00023
1.00499
0.999143
1.00118
1.00934
1.00323
1.00061
1.00599
0.991659
0.992584
0.999125
0.986335
0.999296
0.990027
1.01706
0.999636
0.986733
0.994326
0.998446
0.981992
0.994543
1.00946
0.987181
0.991242
0.988149
0.991
0.990071
0.998767
0.995871
1.00369
1.01086
1.00823
0.990063
1.01529
1.00271
1.00032
0.985057
0.984647
0.980642
1.01732
1.00163
0.987158
0.994938
1.00771
0.992664
0.990654
0.980708
0.987894
1.0073
0.984076
1.01228
0.992205
0.981631
1.00481
0.992303
0.993841
1.01363
1.0002
1.00544
0.986884
0.993266
1.00296
1.00974
0.986514
1.0058
1.01929
1.00743
1.00402
0.988667
0.998706
0.986044
1.00758
1.00184
1.00971
0.994546
1.00533
1.00421
0.99238
1.00691
1.0138
0.995265
0.974903
0.988658
0.990185
0.983139
1.0237
1.00636
0.999706
1.00001
1.00145
1.00198
1.00128
0.976859
0.996124
0.997847
0.98938
1.0056
1.02316
0.995876
0.981812
1.01185
1.00034
0.982017
0.988113
0.992651
0.993496
0.978452
1.00409
1.01368
1.00133
1.00256
0.986381
1.00247
0.99036
1.01975
0.990352
0.989136
1.00757
0.993099
0.987686
0.988083
0.995665
0.997267
0.99671
0.998036
1.01411
1.00722
1.01927
1.00438
0.972097
0.979765
1.01107
1.02475
0.995124
1.00122
1.00386
0.994217
1.02307
0.999875
1.00741
0.992736
0.99957
0.992765
1.00868
1.0028
1.01248
1.00581
0.990546
0.991176
1.00657
0.998949
1.00667
1.00212
0.992404
1.00516
1.00114
1.00849
0.998759
0.987854
0.993696
0.997433
0.99778
0.994288
1.00628
1.01318
1.00576
1.00859
1.00351
0.988126
1.00054
0.989875
0.994412
0.99934
1.01307
0.990855
0.998866
0.991844
0.99027
1.00712
0.998195
1.01806
0.99081
0.973
0.988928
0.99023
0.999194
1.00595
0.981906
0.989029
1.01736
0.995353
1.01079
0.997971
1.00748
1.0125
1.00674
0.993559
0.998677
1.00608
1.02525
1.02599
0.998593
0.992583
1.00499
0.982517
0.998992
0.986595
0.997085
1.00151
1.00055
1.0158
0.979896
0.986012
0.99892
1.00893
1.00955
1.00571
1.01238
1.0025
1.01115
0.991647
1.01024
1.01077
0.9946
1.01981
0.983303
1.02124
1.00726
1.00894
1.00774
0.988587
0.997534
0.992453
1.01501
0.995881
1.00158
0.997545
1.00472
1.01307
0.990184
0.997797
0.991627
1.01162
1.00579
0.991418
0.99813
1.00833
1.00177
0.993759
0.990448
1.0199
1.00459
0.994979
0.993212
0.998509
0.997979
0.979064
0.993701
0.992667
0.983901
0.992392
0.994149
1.00385
0.994762
1.00419
0.989999
0.98697
0.995605
0.995889
1.00221
1.02589
0.99521
1.00695
0.998823
1.00181
1.01245
1.00222
1.00572
1.01131
1.00504
1.00683
0.976999
1.00248
1.03313
1.01275
0.987807
0.994942
1.00616
0.983864
0.989167
1.02464
0.999227
1.00605
1.00599
1.00081
0.991455
1.00587
0.983621
1.00425
1.02238
0.984707
0.99176
1.00481
0.983363
0.980558
1.01045
1.00535
1.00227
0.997354
1.01241
1.00673
1.00179
0.99529
1.0116
1.01635
0.995606
0.997263
1.01001
0.991044
0.985571
1.013
0.989462
0.993611
1.01062
1.00578
1.01602
1.01032
1.01455
1.00501
0.995704
0.982563
1.00904
1.00537
0.995596
1.01627
1.00708
0.993032
1.00663
1.01469
1.00835
0.995463
0.988838
1.01169
1.01784
1.01041
0.986877
1.00851
0.992583
1.00135
1.01917
1.02185
1.01779
0.987033
0.983092
0.992629
0.992125
1.01134
1.00196
0.986929
1.01341
0.968668
0.998105
0.997786
1.00197
1.01493
1.01359
1.01037
1.00345
0.991672
1.00426
0.997925
1.01289
0.984512
0.99314
0.996062
1.01324
1.01117
1.00499
1.00332
0.996031
0.998404
0.983346
1.01132
0.97992
1.02359
1.01166
0.98171
1.00537
1.00267
1.01587
1.01842
0.997441
0.994355
1.01445
1.00577
0.9931
1.01642
1.0099
0.986097
1.02036
1.00322
0.980054
1.007
0.98507
1.00111
0.997863
1.00644
1.00052
0.988345
1.0056
1.01116
1.00867
0.992999
1.00352
1.00684
0.996871
0.99854
1.00657
1.00814
0.980708
0.9928
0.987548
0.993478
1.00205
0.999816
1.0053
0.978311
0.996258
0.993326
1.00901
0.984602
1.00748
1.01195
1.01369
0.99352
1.00674
0.999566
0.997563
1.00891
0.999084
0.97937
0.986517
0.991676
1.01111
0.986898
1.0069
1.00587
1.00205
0.992198
0.983942
1.00979
1.00052
0.984556
1.0146
0.994589
1.01369
0.975698
1.00434
1.00595
0.99632
1.00889
1.00468
0.988605
1.01114
0.993455
0.99406
1.01712
0.982177
0.980314
1.01082
1.00342
0.99783
1.00387
1.01027
1.00556
1.01694
0.975081
0.990876
1.01056
0.999845
1.01444
0.995908
0.996477
0.990562
0.991431
1.00553
0.996642
0.997486
1.00584
0.990747
1.0063
1.00414
0.991683
1.01198
1.01028
0.993055
1.01179
0.990476
0.998819
1.01712
1.01634
1.0048
0.993986
0.999807
1.01164
0.995843
0.995953
0.983933
0.984483
0.99539
1.00544
0.993023
1.006
0.983959
1.00506
0.99159
1.00213
0.987728
1.0013
1.01369
0.998339
0.997533
0.985971
0.99646
1.01863
0.987777
1.03041
1.01345
1.02313
1.00341
0.999695
0.977327
0.994134
0.998879
0.987193
0.996791
1.0223
0.988113
0.994974
0.980572
1.00092
1.00871
0.994485
1.00832
0.991814
1.00243
1.00625
0.998072
0.994769
0.980682
0.982062
0.991415
1.00423
0.990677
1.00937
1.0158
0.994706
0.992789
0.994728
0.995506
0.981622
1.00927
0.989257
1.00803
0.994421
0.999613
1.01102
0.986796
1.01766
0.99098
1.01516
1.00188
0.999849
1.01074
0.995006
0.995209
0.987887
0.998371
0.988491
1.00478
0.994597
1.01002
0.992123
0.987249
0.997603
0.993755
0.999715
1.01927
0.991996
1.0133
0.993899
1.0037
0.99933
1.00304
1.02389
0.99724
1.00165
0.997093
1.01505
1.0021
1.00549
1.00465
0.997774
1.00772
1.00957
0.990821
0.987641
0.986731
1.00783
1.00626
0.99564
0.996853
0.993428
1.01124
0.976074
0.990784
0.99665
0.99326
0.989141
0.999469
0.99374
0.994557
1.00077
1.00611
0.990196
1.00797
1.00553
0.989882
0.97975
0.999994
1.00819
1.00615
0.985353
0.999259
1.00628
0.998706
1.00652
1.01243
1.00921
0.997534
0.998416
1.00692
0.989246
0.986142
0.984271
1.00631
0.986799
1.00116
1.00192
0.996141
1.01607
0.991464
1.00084
1.00558
1.00722
1.0103
0.989987
1.01849
1.00018
1.01372
1.01731
1.01624
0.990936
0.989077
0.998263
1.0102
1.00109
1.00387
0.990229
1.00702
1.02093
0.998565
1.00581
0.98223
0.998316
0.983857
1.0146
1.00129
0.996696
0.9812
0.986569
1.00301
0.997013
0.995064
1.01254
0.991501
0.98235
0.986989
0.998163
1.00899
1.00681
0.981486
0.99699
0.997639
1.00316
1.01948
0.992251
1.00466
0.98196
0.988273
1.01188
0.992673
1.00052
1.00819
1.00104
0.98944
1.00729
1.00185
0.998155
0.993309
1.00186
0.999312
1.01127
1.01302
1.00221
1.01082
0.988303
1.00091
1.00588
1.00971
1.01808
1.00057
0.978288
1.00284
1.006
0.991237
0.984992
1.01014
1.00837
0.993822
1.00633
1.00147
1.00586
1.01145
1.00765
1.01285
1.02092
0.993539
1.0048
1.03198
1.00571
0.995009
1.01718
0.984099
1.00812
1.02019
1.01094
1.00816
0.995901
0.990462
0.998777
0.985534
1.01578
0.989505
0.969035
1.01422
0.996523
1.00661
0.994761
0.99433
0.988218
0.98763
1.00041
1.00411
1.00474
1.00636
1.00633
1.02395
0.994173
1.01456
1.00243
1.00418
0.981859
0.983759
0.991236
0.982182
0.992356
1.00678
0.99853
0.995987
0.985319
1.00351
1.00534
0.992434
0.974616
1.00133
1.00894
0.988458
0.999024
0.997764
1.00195
1.02189
1.0107
1.01052
1.00868
1.00609
1.00033
1.00306
0.99957
1.00646
0.987417
1.00437
1.0082
0.990488
0.985634
0.991111
1.00534
1.01175
1.01683
1.00699
0.985952
0.998042
0.998074
0.999109
0.980236
1.00746
0.985853
1.01243
1.00866
1.01709
1.00362
1.01491
0.986063
0.998903
1.0031
0.983069
1.02123
0.978016
0.998898
1.00113
1.02151
0.999305
1.00131
0.998808
1.00431
1.00943
0.999789
0.999715
0.9973
1.01982
1.00699
1.00688
1.02371
0.999484
1.0064
1.00359
1.01019
1.00221
0.990583
0.992243
1.00876
0.983933
1.01594
1.00276
0.978744
1.00868
1.02082
1.0016
0.997109
1.00112
1.01306
0.997438
0.991276
0.993004
1.00699
0.999427
0.999534
1.00132
0.989912
1.03207
1.0242
0.998402
0.989997
1.00745
0.988683
1.00474
1.00676
0.989098
0.997467
0.994784
0.996413
1.02857
0.993151
1.00285
1.00927
1.01163
1.00121
1.00761
1.00737
0.987754
0.993178
0.984551
1.0019
0.993001
0.995506
1.00942
1.00563
1.00292
1.01894
0.999834
1.0128
0.997435
1.01166
1.00556
0.990764
0.994088
0.968693
1.01341
1.00717
1.0075
1.01405
0.984022
0.998526
0.994824
0.994749
1.01949
1.01477
0.99289
0.987743
0.992766
1.00695
0.995446
0.996364
0.989641
0.99045
0.995197
1.01493
0.976804
0.996861
0.993174
0.995141
0.998834
1.00645
1.00683
0.999611
1.00585
1.01278
0.988588
1.00808
1.01253
1.00558
1.0166
0.991508
0.988108
1.00542
1.0032
0.9993
1.00037
0.998892
0.993164
1.00752
0.99008
0.993654
1.01702
1.02229
1.00925
1.00661
1.0057
1.01438
1.0099
1.0059
1.00637
0.996781
0.981903
0.985968
0.992569
0.983323
1.01867
0.978866
0.998709
0.984613
0.990544
1.00924
0.99184
1.00861
1.01049
0.976143
0.99431
0.989004
1.01325
1.0112
0.998676
1.0106
1.00988
1.00203
1.00829
1.00038
0.993341
0.988503
1.00665
1.02717
0.989181
0.999688
1.00667
1.01408
0.98768
1.01585
1.0086
0.998213
1.01485
0.992688
1.00698
0.983287
1.00205
0.992958
0.999654
0.988737
0.998926
0.99005
1.00277
0.996787
0.981113
0.983607
0.995462
0.999277
1.01651
0.995688
1.00179
1.00406
0.99606
0.996729
0.995289
0.990403
1.00436
1.0163
0.984867
1.02056
0.989791
1.01393
1.01883
0.996185
1.01292
0.991777
0.980091
0.996384
0.992189
0.999772
0.986934
1.00457
1.00669
1.00304
0.995528
1.01618
0.991974
0.986419
0.998445
1.00377
1.0138
1.02037
1.00433
0.996843
0.990053
0.999936
1.01532
1.00332
0.997738
1.0084
0.985067
0.993663
1.00189
1.02146
0.983039
0.995116
0.991176
1.00135
0.997169
0.993834
1.01572
1.01271
1.00326
0.992684
1.00186
1.01636
1.00051
0.993554
0.982109
1.00353
1.00496
1.00541
0.999717
1.01247
1.02481
1.00411
0.99457
1.00841
0.998824
0.980739
0.995794
0.994576
1.00189
1.01002
1.01211
0.990377
0.981992
0.984532
0.99366
1.00427
1.00196
1.01175
1.00877
1.00994
1.00831
1.00407
1.00415
1.01223
0.985366
1.00451
0.979667
1.00437
0.986269
0.983723
0.995022
0.984624
1.00006
0.998523
0.999033
1.00293
0.986232
1.00994
0.997507
0.999172
1.01468
0.985581
0.995467
1.00061
1.01575
0.991944
0.989214
0.993263
1.00566
0.996943
0.990499
0.995253
0.994701
1.00151
1.00146
1.01459
1.01034
1.00183
1.01221
0.994221
1.00021
0.993808
1.00071
1.01986
1.00843
1.01995
0.99749
0.987627
1.01724
1.00517
1.00395
0.998581
0.99264
1.01873
0.996628
1.00195
0.995184
0.99379
0.985366
0.98914
1.0068
1.02045
0.996959
0.98187
0.997978
0.999578
1.01001
0.990899
1.00585
0.991171
1.01602
0.995368
1.00153
1.01911
0.990458
1.00866
0.98572
1.02006
0.998553
0.979433
0.994738
0.979923
0.993475
0.992967
1.00248
1.01472
1.01595
1.00394
0.988835
0.99948
0.997454
0.980763
0.992837
0.989353
1.02343
0.999772
0.99168
1.00436
1.00918
0.985309
1.00337
1.01182
0.99571
1.00927
0.990606
1.00966
1.00389
0.979756
1.0171
1.00222
1.00684
1.00983
1.00478
1.01156
1.00498
1.00983
0.9942
0.983136
1.00233
1.00816
0.996749
0.975931
0.999017
0.994283
1.02011
0.996225
0.99578
0.994586
0.98741
0.994444
1.00323
1.00349
0.998471
0.99418
0.996276
0.984336
0.995572
0.99996
0.99682
1.01135
1.0202
0.987636
0.998782
1.01001
0.998202
0.985831
0.997455
0.990189
1.00446
1.01665
0.999781
1.01062
0.980564
1.00073
1.01932
0.998654
1.01046
1.00249
1.00795
1.01216
1.01077
1.0086
0.996712
0.998186
0.992468
1.01842
1.01523
0.991496
0.999873
0.998646
0.973193
1.0062
0.99776
1.0099
0.982324
1.01706
0.995884
1.01143
1.012
1.00845
0.995508
1.01342
0.998354
0.9914
1.01474
1.02219
1.00828
1.00761
1.01291
1.00436
0.998641
0.990107
1.00347
1.00153
0.986147
0.990794
0.99481
0.976433
1.008
0.990397
1.02516
1.00822
0.984719
0.995953
0.998205
0.981054
1.01661
0.995588
0.985101
1.0134
0.995866
0.991375
0.987786
1.01773
1.00535
1.01104
0.992207
0.99061
0.985096
1.02284
1.01408
1.0169
0.995458
0.994266
1.0015
1.00274
1.00144
1.00983
1.00206
0.989154
0.997408
0.989343
1.003
0.997007
0.985896
0.986767
1.0044
1.00847
0.987766
0.989486
0.987186
0.974153
0.977942
0.992365
0.997653
1.02762
1.01268
0.98894
0.987746
0.998123
1.00028
1.00489
0.99627
1.00796
1.00443
0.996514
1.00947
0.983269
1.01444
0.982389
0.991562
0.998762
0.98336
1.00894
0.979632
1.02236
0.9921
1.00349
1.00517
0.997696
0.986407
1.00612
0.999251
0.992962
1.00812
0.99638
0.993814
0.999541
0.989645
1.01679
0.985086
0.993464
1.01394
1.01329
1.01809
1.00505
0.998112
1.01977
1.00128
1.01078
0.994034
0.999772
1.00706
0.986717
0.993636
1.00222
1.00316
1.01482
0.999218
0.993146
0.978238
1.00777
0.987941
1.00575
1.00688
0.989516
1.02128
1.00155
0.992381
0.990096
0.98658
0.993382
1.0115
1.02664
0.984789
1.00618
1.00436
1.00483
0.998655
0.986654
0.986197
0.994067
0.982049
1.00386
1.01178
0.994422
1.00471
1.00335
1.01885
0.98313
0.990718
1.02136
0.997822
0.980593
1.00254
0.990322
1.00754
0.999689
0.999545
1.00242
0.98484
1.00022
0.993823
0.985469
0.991797
0.998888
1.01772
1.00839
1.01944
0.999812
1.014
1.01224
0.991979
0.993077
0.988538
0.991433
0.989866
0.995403
0.98901
0.978253
0.998808
1.00017
1.02007
0.996924
0.988769
0.999415
1.00516
1.01895
0.999301
0.986428
1.01372
1.007
1.00974
1.01475
1.00295
0.992281
1.00712
1.00517
0.990559
1.00888
0.994867
1.0024
1.01153
0.997824
0.998904
0.990943
1.00804
1.00518
1.02022
0.98317
0.98703
1.01167
1.00608
0.990302
1.01351
0.99297
1.00662
0.991832
1.01447
0.99981
1.00047
0.990528
0.99995
0.983977
0.99384
0.99183
1.00716
1.01854
1.00485
1.0184
1.01312
1.01298
0.981823
0.985832
0.997501
1.008
0.985718
0.996544
1.01653
1.00437
0.989933
0.998946
1.00979
0.993562
0.993545
0.995361
0.992952
0.981305
1.01535
0.990062
1.00292
0.990809
1.01034
0.995037
1.00484
0.996132
1.00233
0.995813
1.00537
1.0253
1.00274
1.00044
0.993151
1.00607
0.988738
1.01973
1.00126
1.0032
1.00287
1.01162
1.00399
0.98987
0.995742
1.00117
0.983745
0.989859
0.981031
1.02197
0.992552
1.00361
0.984035
1.00291
0.999104
1.01248
1.00084
0.991583
0.991095
1.00815
0.994376
1.00366
0.996064
1.02076
1.00375
1.01326
0.985645
0.989808
0.988451
1.02772
0.986182
1.01105
0.999149
1.00065
0.998659
0.998854
1.00155
1.01693
0.982599
0.993432
1.00585
1.0011
0.99451
1.0059
1.00469
1.00176
1.01128
1.02933
1.0028
1.00141
1.00087
0.991403
0.996973
1.00283
1.01041
0.991832
0.992657
0.994899
0.986858
1.00462
0.995902
1.00926
0.992007
0.99656
1.00103
1.00295
0.996183
1.00173
0.994924
1.01748
0.982843
0.990206
0.989376
0.999493
1.00121
0.981112
0.989537
1.00186
0.997562
1.02175
1.01306
0.981174
0.998361
0.992638
1.00352
1.01569
0.995992
1.01378
1.00435
1.01591
0.987989
0.988532
1.00865
1.02935
0.986724
1.01238
1.01183
0.982148
0.998292
0.996836
0.993303
1.00907
1.01499
0.996518
1.00682
0.983851
1.01285
0.986008
0.998328
0.99438
0.99154
1.00112
0.997961
0.999437
1.0061
1.01904
0.99798
1.00139
0.987958
0.992983
1.00912
1.00101
0.993204
1.00908
0.993063
0.987923
1.0176
0.974358
0.996631
0.991145
0.99465
0.988885
0.979322
0.998182
0.995371
0.986706
1.01375
0.992166
0.984115
0.991018
0.997168
1.00422
0.998596
0.990907
0.993789
0.991332
0.997854
0.987985
0.999469
0.975761
1.03154
0.992079
0.98937
0.986019
0.996652
0.993033
0.982426
1.00479
0.987394
0.997843
1.00041
1.00908
0.988867
0.990683
1.02237
1.01046
0.984726
0.991557
1.0243
0.996276
1.00728
0.999465
0.989437
0.993
0.987746
0.98261
1.00965
1.01623
0.999852
1.00041
0.974902
0.977583
0.978528
0.99762
0.981125
0.980532
0.994979
1.01956
0.996107
1.01251
1.00426
1.00136
1.01471
1.00713
1.00225
1.00373
0.997481
0.979864
1.00792
1.00431
1.00721
1.00746
1.00773
1.00155
1.00548
1.00061
1.01427
0.994928
1.02019
1.01584
1.01436
0.988788
1.00082
1.01366
1.02986
1.00543
0.99594
0.998389
0.985334
1.00339
0.981137
0.992543
0.981889
1.00111
0.999227
0.978982
0.98518
0.994464
1.00437
1.00112
0.985433
0.997508
1.00227
0.997432
1.0155
1.00175
0.973119
0.996544
1.01353
1.01462
0.995371
1.00954
1.01003
1.0001
0.997839
0.998802
0.994615
0.99096
1.01064
0.996062
1.00013
1.00517
0.995435
0.991525
1.0021
0.999469
0.999821
0.999865
0.996486
0.989798
1.00812
1.00436
0.993164
0.992429
0.979803
0.993679
1.00455
1.00601
0.97381
0.998409
1.00646
1.00006
1.00192
1.00363
1.01004
0.984525
0.978529
0.999076
0.997429
0.986632
0.992759
1.01026
0.989992
1.01138
0.995005
1.00872
1.00861
1.01558
1.00161
0.993156
0.993946
0.982577
1.00207
0.988086
0.979965
0.998701
0.990087
1.01423
1.01026
1.00984
0.993566
0.99005
1.01131
0.995057
0.994605
0.990748
0.982699
1.00454
1.01743
0.986209
0.993755
0.967266
1.00575
1.01115
0.99277
1.00855
0.989911
0.992501
0.990068
0.996602
0.992554
1.01606
0.984068
1.00264
0.992977
1.01252
0.993716
0.990938
1.00553
1.0033
1.01737
0.990293
1.00293
1.0155
0.975748
1.01551
0.997007
0.974892
1.01162
1.00206
1.01967
0.992005
1.00461
0.994829
1.01295
0.986817
1.01357
1.00761
0.990412
1.01304
1.0119
1.00899
1.00253
0.971998
1.00363
1.00695
1.00142
1.00582
1.00825
1.01612
0.988348
1.0147
1.00994
0.997193
0.985939
1.00306
0.990486
1.00882
1.00572
0.975923
1.01217
0.999258
0.984681
0.983611
1.00557
1.00384
0.981227
0.984671
0.988785
0.988566
0.986546
1.0081
0.992779
1.00375
1.00563
1.01088
1.001
0.998154
1.00432
0.995891
1.01464
0.999714
0.987102
1.00581
1.00028
1.00139
1.02176
1.00473
0.995045
0.983632
0.997931
1.00153
0.98851
0.997463
1.00622
0.999542
1.00172
1
0.978965
1.0045
0.998435
1.00256
0.983354
1.0266
1.00014
0.997606
0.988653
1.0089
0.999166
1.01514
0.996022
0.986573
0.994024
0.985896
0.999251
1.01361
0.985241
1.01139
1.01353
1.01971
0.991846
1.0016
1.01291
1.00652
0.981845
1.01134
0.994247
0.999573
0.994833
1.00134
0.988205
0.999397
0.991944
0.989695
1.00456
1.00046
0.994971
0.989429
0.990778
0.997416
0.987723
0.98024
1.00164
1.00572
0.993404
1.00472
0.996239
1.0004
1.01744
0.990233
0.976476
1.00111
1.01038
0.990565
1.00275
1.01484
1.01014
0.987054
0.997322
1.00932
0.993214
0.993977
0.994374
0.997884
0.99288
0.997678
0.99313
0.973522
1.00015
1.01974
1.02114
0.99791
0.988583
1.00572
1.01177
0.988964
0.991477
1.03223
1.00114
1.01087
0.989138
1.00736
1.00618
0.99712
0.994583
1.0167
0.997938
0.987605
0.999553
0.987765
1.01678
1.02436
1.00888
1.01215
1.0007
0.986776
1.00547
1.01345
1.00452
0.998897
1.00057
1.00166
1.01008
0.988123
0.975023
1.01588
0.967357
1.01773
0.989065
0.994976
1.00357
0.978139
1.00601
1.01593
0.998518
0.993271
1.01556
1.0017
0.99786
0.986027
1.00325
1.00414
1.00288
0.983472
1.00517
1.00444
0.991017
1.00605
0.992323
1.01628
0.981169
1.00392
0.99816
1.01251
0.994082
0.997553
0.97741
0.99987
0.995822
0.980163
0.996178
0.986573
0.999293
1.00268
1.00889
0.994016
1.00249
1.01652
0.980227
0.990737
0.998771
1.03091
0.985369
1.01099
0.989628
0.989762
1.00146
0.991716
0.987046
0.996005
0.98884
1.02869
0.994564
1.0127
1.00605
0.987448
0.994749
0.993284
0.998146
0.992204
0.998229
0.998776
1.02357
0.998835
0.99718
0.995528
0.985621
1.01895
0.988323
0.995017
0.995348
1.0195
1.01038
1.01957
1.0043
1.00074
1.00814
0.999496
1.00335
0.977419
1.00618
1.00158
0.989152
1.00642
0.998784
0.998781
1.01029
1.02774
1.00603
1.00732
1.00337
1.02093
1.00714
0.999673
1.00916
1.00563
0.990623
0.982842
1.00055
0.991176
1.00325
0.990318
1.01957
0.993952
0.972961
1.00559
1.01364
1.00003
1.00444
0.986763
1.0055
1.01214
1.00252
1.01066
1.00105
0.99323
1.00994
1.01176
0.99539
1.02559
0.982284
0.990926
0.993974
0.994366
0.9939
1.01012
0.994713
0.988557
0.999179
1.00585
1.01126
1.00269
0.985015
1.02193
0.997892
1.00412
0.994228
0.986249
1.00927
0.975511
1.00631
0.99866
1.01346
1.00672
1.00752
1.01349
1.01803
1.00732
0.99354
1.01222
1.00132
0.992233
0.998961
1.00834
1.01179
0.991339
0.992956
0.984394
1.01136
0.990851
0.999599
1.02549
0.995248
0.996618
0.993255
1.00325
0.977359
1.01498
0.996185
0.994401
0.998214
0.995064
1.0008
0.999654
1.00683
0.998547
0.976367
1.00276
1.00616
0.993675
0.981258
0.985765
1.00399
0.994179
0.995999
0.99671
0.991803
0.985528
0.999276
0.987212
0.985961
0.994747
1.00213
0.98516
0.976458
1.01094
1.00223
1.02903
0.99181
0.990264
0.995402
0.992721
0.973018
0.982328
1.0001
1.01101
0.99893
1.01691
0.993522
1.00444
1.01366
0.99568
0.991884
0.996728
0.989702
0.999817
1.00719
0.997463
0.994593
0.993597
0.988213
1.01328
1.00471
0.980025
1.0006
1.00111
1.01358
1.01217
0.981811
0.983143
0.993777
0.991283
0.995563
0.994123
0.983203
0.998131
1.00403
1.0017
1.00996
0.994925
0.995884
1.00891
0.995575
1.01332
0.990975
1.00821
1.0061
0.986231
0.978241
1.0058
1.00078
1.00449
0.997317
0.991948
0.991202
0.990218
1.02223
0.989922
0.987583
0.984635
1.00305
0.988602
1.00249
0.978608
0.990881
1.01029
1.00918
0.99654
1.01775
0.998291
0.984796
0.994345
0.989093
1.0042
1.00679
1.00592
0.992906
1.00823
1.01526
1.0067
0.995443
1.00762
0.998635
0.992257
0.99559
1.00558
0.980589
1.01524
1.00669
1.00332
1.00296
1.00661
1.01914
1.02233
0.984442
1.00597
1.00958
1.02218
1.01165
1.00602
1.01521
1.00204
0.995399
0.983063
1.01245
0.990738
0.980419
1.00055
0.981436
1.00286
1.00734
1.00941
1.00085
0.995904
0.993692
1.01007
0.990282
0.984265
1.00794
1.0052
0.983518
1.00601
1.01139
0.989034
0.987875
1.00748
0.999917
0.987945
1.01028
0.96683
0.997699
1.03098
1.01333
1.00323
1.02731
0.994174
1.0172
1.00028
1.00926
1.01888
1.00872
0.983943
0.981383
0.994858
0.982504
1.00724
1.00838
1.00467
0.997241
1.01804
0.993942
0.991287
1.00905
1.00983
0.986321
1.02209
0.964388
0.980029
1.0036
0.986886
0.997647
1.00701
1.00192
1.0029
1.00926
0.993465
1.00002
1.00481
0.994106
0.992938
0.99822
0.981534
0.99852
1.01764
0.986939
1.00563
0.997223
0.983434
1.00552
1.00829
1.00241
0.993944
1.00459
0.989455
1.00691
0.998456
1.00092
0.988967
0.992438
0.993559
0.975758
1.0015
1.00739
1.02089
1.01045
1.021
0.999761
1.00573
0.988946
1.02792
1.01948
1.00472
0.999528
0.984251
1.00956
1.01138
0.990732
0.991421
1.00563
1.01207
1.01318
0.999278
0.995023
1.01956
1.0184
0.990556
1.01153
1.00086
1.00541
0.985377
1.00388
0.974028
1.00162
0.990338
0.992061
1.00146
0.991528
1.00169
1.00543
1.00248
0.989614
0.991512
1.00898
0.996514
0.990472
1.00507
1.00497
1.00174
0.994732
1.01093
0.99663
1.00674
1.00008
1.01059
0.993464
0.980297
0.997618
0.997631
0.997112
1.00566
1.00368
0.988488
1.01042
0.989565
0.986918
0.988144
1.01412
1.00395
1.0085
0.983233
1.01902
1.00092
0.994438
1.00196
1.01489
1.00098
0.991924
1.00091
1.0248
1.0104
1.00327
0.986058
0.999491
1.01496
1.01925
0.989151
1.00472
1.00685
1.00043
1.02579
1.00645
0.9856
1.01395
1.00965
1.00458
0.994449
1.01786
1.00143
1.00535
0.990835
1.00512
0.992327
0.985176
1.00005
1.00158
1.00794
0.981489
1.00035
0.988055
1.00619
1.00112
1.01492
1.00111
0.992612
1.00921
1.00804
0.986032
0.994253
1.00343
1.001
0.996851
1.01315
1.00169
1.00893
0.995337
0.9976
1.00521
0.980167
0.999071
1.00569
0.993056
0.982226
1.00531
1.00209
0.993159
0.993464
1.00176
0.991892
0.995377
1.0243
1.00339
0.98609
0.99369
0.999344
0.995372
1.00007
1.00726
1.00324
0.997543
1.0099
0.982996
0.986223
0.994537
1.00721
1.02029
0.990641
1.0094
1.00561
1.0133
1.00373
0.987116
1.00294
0.983102
0.992531
0.983089
0.998506
0.998987
1.00962
0.991381
1.00005
1.00653
0.996161
1.01065
0.990203
1.00501
1.00033
1.00517
0.990172
1.01004
0.984877
0.982818
1.01621
1.00151
1.00747
0.994189
1.00848
1.00227
1.03349
1.00261
0.999113
0.991402
0.976851
0.991387
0.977487
0.989311
1.00123
0.98385
1.01444
0.99137
1.01012
0.993761
1.01161
1.00777
1.01599
0.988691
0.999902
0.992151
1.00099
1.0035
0.988543
0.98412
0.995349
1.01361
1.01055
1.00205
1.00813
1.00678
0.989725
0.994525
1.01023
0.997067
1.00651
0.99637
1.00466
1.00498
0.995649
0.995364
1.00201
1.00928
1.01019
1.0081
0.971795
1.0197
1.00745
1.00998
0.988603
0.996708
0.981514
1.00628
1.01688
1.02115
0.992301
1.01185
0.990689
0.999647
0.993652
0.989464
1.00331
0.992965
1.00921
1.02587
0.992233
1.0013
0.966361
0.965832
0.993817
1.01758
1.01261
0.992805
0.9976
1.00209
1.01273
1.01376
1.00366
1.00318
0.996154
0.995848
1.00667
0.986535
0.999832
1.00047
0.989102
1.01545
0.993543
1.00714
0.981301
1.00367
1.03242
0.970892
1.01145
1.00738
0.980585
1.02392
0.995067
1.00432
0.994247
0.991603
0.980038
0.980572
1.00362
0.983351
1.00494
1.00516
0.97777
1.00524
1.01345
0.995937
0.996618
1.00318
0.980653
0.99952
0.993246
0.994648
1.00203
1.01334
0.989746
0.997794
0.978655
0.986335
1.01667
1.00939
1.00177
0.984218
0.994648
1.00984
0.99205
0.991009
0.999028
1.00517
0.99152
1.00709
1.0122
1.00086
1.00099
1.00733
0.99373
1.03427
1.00887
0.986031
0.996393
0.980885
0.99952
1.00083
0.994017
0.992842
1.01158
0.981997
1.00905
0.987961
1.00065
1.00656
1.00731
0.995367
1.00435
1.0013
1.00629
0.972494
0.980959
1.0092
0.994585
1.00454
1.00692
0.998811
1.01162
1.0169
1.01261
0.988692
1.00899
0.983624
0.989859
1.00077
1.01009
1.01755
0.99308
1.01959
1.02213
1.00599
0.992053
0.983056
1.01989
1.01181
1.02593
0.998971
0.997004
1.0027
0.992222
1.01927
1.00284
1.0131
0.985678
1.00167
1.00289
1.01188
1.00656
1.01423
1.00031
0.994056
1.00823
1.01727
1.02022
1.00804
1.0085
1.03218
1.01965
1.00727
1.00902
1.01349
0.990821
0.990144
1.00253
1.00188
1.00431
0.995421
1.01046
0.997312
0.988276
0.994951
1.01194
1.00606
1.00201
0.991733
1.00613
0.981443
1.00114
1.02297
0.993865
0.995752
0.997385
1.00624
1.00155
0.998992
1.00943
1.01045
0.978359
1.00017
0.981383
1.01186
0.983903
1.00032
0.983512
0.988381
0.995356
0.993185
0.990456
0.996271
1.01173
1.00155
0.987344
0.99263
1.00323
0.99433
0.986124
1.02107
1.00983
0.995838
0.986552
1.01361
1.0084
0.995349
0.989777
0.991638
0.993642
0.990144
0.982425
0.984119
0.994017
0.97366
0.987118
1.02417
1.00108
0.985789
1.01944
0.98621
0.989371
1.01675
0.989779
1.00031
1.02595
0.993186
0.993805
1.00764
0.990504
0.999932
0.99977
0.985162
0.988354
0.990225
1.00776
1.00853
1.01282
0.99262
0.997785
1.00385
0.985527
1.02524
0.997955
1.00072
0.998926
0.994245
0.983595
1.0042
1.00372
0.981063
0.991758
0.997663
1.00679
0.996505
1.00282
0.994675
1.00402
1.01603
1.01514
1.01849
0.999442
1.01758
1.00093
1.00026
0.990225
0.993535
1.01696
0.99394
1.00694
0.984973
0.995338
0.993603
1.00125
1.00282
1.01431
1.005
0.997248
0.991258
0.997933
0.992062
0.997306
1.0089
1.00096
0.98103
1.01154
1.00526
0.982216
1.0073
1.01873
1.00403
0.994722
1.00388
1.01087
0.993764
1.00073
0.98649
1.00165
1.01497
0.996617
0.996947
0.988904
0.987933
1.00897
0.989188
0.997899
0.997872
0.994721
0.994716
1.00758
1.00436
0.992231
0.992019
0.999195
0.998192
1.00829
1.01052
0.988963
0.995975
1.00888
0.995202
0.992625
0.995504
1.0055
0.997585
0.988208
1.01097
0.976913
1.01759
0.992545
0.985373
0.994762
0.992095
0.999302
0.9886
1.00796
1.01456
0.979279
0.987029
1.00375
1.01334
1.00164
0.999685
0.99643
0.99861
1.0037
1.01087
0.99562
1.00485
1.00387
1.0242
0.996815
1.00552
0.99929
1.00167
1.00652
0.997112
1.01139
1.0332
1.005
1.02126
0.990018
1.00614
1.02525
0.996439
1.01865
0.973377
1.00813
0.997765
0.989183
1.00826
0.984639
1.00621
0.992931
1.02754
1.00331
0.976819
0.984284
1.00773
1.00228
0.973072
1.00137
1.0005
0.999142
0.995438
1.00752
1.00823
1.02748
0.975038
0.998285
1.01265
1.00173
1.00304
1.01252
0.989357
0.995717
1.01053
0.992042
1.00018
1.02358
0.981759
1.01251
1.00223
0.994269
1.00469
0.994423
1.00835
0.9989
1.00203
0.998693
0.998228
1.01887
0.993694
0.996614
1.00323
1.01743
1.00863
0.987141
0.993844
0.996911
0.991422
0.991944
0.9887
0.997669
1.0078
0.995215
0.981782
0.99529
1.01055
0.990471
1.01424
1.00835
1.02037
0.989063
1.01354
0.998105
1.00462
1.01638
1.00826
0.998895
0.985102
1.00758
1.0169
1.02151
0.996445
0.992206
1.00525
1.00551
0.99629
0.993381
1.01081
1.01036
1.01467
1.00232
0.981336
0.995338
1.00325
0.978847
1.00255
0.993393
0.973563
0.995732
1.0127
1.02918
0.995612
1.00044
0.999671
0.998565
0.979101
1.01241
0.977853
0.994089
0.994201
0.992296
1.01691
0.987202
1.0106
0.997009
0.99069
0.997786
1.00849
1.00415
0.997142
1.01066
0.987956
1.00307
0.967251
1.00235
1.00253
0.987094
0.992825
1.00449
0.9785
1.02129
0.998408
0.998732
0.991491
0.996397
0.970746
1.0267
1.00762
0.992088
0.993511
1.01335
1.00042
1.00876
0.969219
1.01119
0.985869
0.995216
1.02619
0.972448
1.00837
0.99812
1.01523
0.992874
1.00151
1.00224
0.991735
1.00464
0.977961
0.995509
0.981802
0.991281
0.989584
1.01399
1.00202
0.991432
1.01249
0.98758
0.98811
1.00098
0.992804
1.0086
0.992998
1.00829
1.01132
1.00534
1.01007
0.999867
0.980261
0.993109
0.997205
0.996074
1.0073
0.985263
0.992453
0.992687
1.01884
0.978468
1.0021
0.997025
0.994443
1.01363
1.00773
0.995165
0.99799
1.00147
0.994642
1.0083
0.999556
1.00242
0.994923
1.02445
0.997413
1.00139
1.01595
1.00782
0.995595
0.990475
1.00521
1.00035
1.01274
0.98821
0.993601
0.998559
1.00915
0.994299
1.02809
0.996463
0.994906
1.00619
1.02216
1.00869
0.993359
0.987229
1.00788
0.998989
0.99292
1.01477
1.00354
0.994258
1.00187
1.0197
1.02126
1.00091
0.990584
1.00891
1.00184
0.997559
1.01233
0.99971
1.00675
0.983954
1.00517
0.984967
1.01669
0.984195
0.99356
1.01319
0.990897
0.994958
0.998083
1.01683
0.986982
1.00726
1.02632
1.00445
1.00229
0.980576
1.00182
1.0093
1.00197
1.02075
0.971418
1.01227
1.00314
1.01418
0.994765
0.997363
0.999955
0.993059
1.01133
1.00181
1.01711
0.985562
1.03512
1.00305
0.987415
0.995868
1.0179
1.02141
1.00279
1.00632
0.988719
1.00604
0.994031
1.00633
1.00809
0.990698
0.996991
0.986229
0.997472
0.997499
0.992498
0.994505
1.00759
1.01019
1.00334
0.991115
1.00021
1.01347
1.00102
1.00143
1.00524
1.00175
0.989935
0.97318
1.00448
0.989421
0.998953
0.987724
1.01486
1.00453
1.0199
0.997903
1.00464
0.999692
0.996824
0.995066
0.989952
1.01052
1.00165
0.987371
0.992666
0.987837
1.00345
1.00704
1.00736
1.00572
1.00667
0.989949
1.00064
0.989342
1.01168
1.00069
1.00985
1.00235
1.01286
0.993161
1.01478
0.987021
0.987526
1.00363
1.01026
0.989535
0.988381
1.00486
0.987576
1.00437
1.00253
0.993172
0.995467
0.989397
0.987092
1.02016
0.996307
1.02014
1.01031
0.984987
1.02478
0.997696
1.00334
1.00019
1.0101
0.992766
0.997157
1.00684
1.00688
1.01686
1.00816
0.990329
0.99761
0.994842
0.987033
1.00213
1.01058
1.00762
1.00768
1.00226
0.994455
1.01912
0.998447
1.00871
0.991938
0.98524
1.00699
1.00961
0.984545
1.00046
1.01158
1.00522
0.98945
0.999923
1.00123
0.988448
0.994475
1.02027
0.997058
0.994933
0.995512
0.996529
0.977017
1.00777
0.999253
1.00903
0.993867
1.00984
0.986331
1.01952
0.984837
0.999817
0.994543
0.994698
0.987267
1.0005
0.971482
1.01026
0.992455
0.977704
1.00793
0.995099
1.00803
0.99465
1.00326
1.00869
0.998882
1.00285
0.997561
0.991493
1.01704
0.992768
1.01264
0.997957
0.993117
0.991016
0.99831
1.009
0.992415
0.987378
0.980099
1.02047
1.00529
1.0208
0.997877
0.993922
1.00757
0.985964
0.990244
1.01568
1.0015
1.01633
0.996368
0.999383
1.00008
1.00947
1.01743
0.981426
0.974988
0.994917
1.00858
1.0073
1.01521
0.997091
1.00085
0.982105
1.00649
0.989463
1.00152
0.989094
1.01497
1.00595
0.978345
1.00083
0.984563
0.995117
1.00636
1.0133
0.983029
1.00754
1.0021
1.00353
0.982755
0.990964
0.975017
1.00103
0.986605
0.991448
1.0085
1.00921
1.01488
0.992808
1.00055
0.986071
0.979885
1.01371
0.99174
1.01131
0.987008
1.00816
1.00224
0.997658
0.998972
1.0015
0.987345
1.01706
0.999916
0.995621
0.995092
0.998242
1.01724
0.990608
1.00282
1.02715
0.960861
1.01066
0.98907
0.995086
1.00362
1.00152
0.992859
1.00176
0.982495
1.00988
0.997317
0.97662
1.01528
1.01885
1.01356
1.01078
0.998007
1.00459
0.997801
1.00616
0.994193
0.986803
1.00418
0.989542
1.00616
1.00118
0.999552
0.998982
0.996289
1.0111
1.00904
0.994622
0.997986
0.996324
0.985284
1.00192
1.00768
1.00095
0.99709
0.993852
0.990716
1.00148
1.01409
1.01001
1.00478
0.986377
0.989413
0.987696
0.973164
0.998449
1.00761
0.976001
0.982851
1.03409
1.00002
1.02277
0.997189
0.997069
0.990661
0.974236
0.987815
0.994664
1.00903
1.01115
1.00442
1.00571
0.999822
1.00138
1.00148
1.0003
1.01964
1.01809
0.994975
0.999018
1.00393
0.99303
0.998019
1.00635
1.01254
0.995741
0.987724
1.00405
0.999123
1.01855
0.998925
1.01006
1.0016
0.978718
1.00022
1.00504
0.975847
0.99884
0.994489
0.986259
0.991657
1.01291
0.983396
0.995461
1.00083
0.98921
1.02043
0.998337
0.997379
1.02141
1.01158
0.992976
0.999291
1.01196
0.989287
0.994948
0.993144
1.00687
0.992452
1.01879
0.994261
1.00198
0.989085
1.01078
1.01382
1.01626
1.00066
1.01433
1.00195
1.00932
1.00284
1.01305
0.976132
1.01762
0.99429
0.989263
1.02312
1.0084
1.00362
0.990198
1.01655
1.00956
1.0069
0.988272
0.992516
0.971925
0.998652
1.01375
1.00638
1.00549
1.01318
1.00696
1.01191
0.983141
1.00553
0.989617
1.00483
0.995331
0.974283
1.00313
1.01186
0.982085
0.99029
1.00637
1.0134
1.00564
1.02267
0.987455
0.99552
1.00534
1.0094
0.994742
1.00136
1.02626
0.991892
1.01725
0.995742
1.00521
0.993527
0.998648
0.987428
1.01219
1.01318
1.00516
1.00767
1.01536
1.00477
0.999821
1.01262
0.991191
0.992518
0.980774
0.995445
0.997487
0.971124
0.999062
1.00889
0.986652
1.02303
0.996121
1.01661
1.00943
1.00404
0.991179
1.00014
0.987443
1.00774
0.987135
0.990843
0.986907
0.992783
1.00772
0.994678
1.00799
1.01156
0.994867
0.992179
0.998775
0.978112
0.997266
0.99307
0.982053
0.99228
0.970753
1.01356
1.00225
0.983534
0.998814
1.00106
0.992164
0.997173
0.985411
1.0097
0.99062
1.01803
1.00825
0.997298
0.995682
1.01479
1.00779
0.993547
0.98063
1.01304
1.00254
1.01264
0.996982
1.0073
1.00717
0.995195
0.998296
0.992855
0.988148
0.99604
0.98565
1.01904
1.01508
1.00239
0.986795
0.996068
1.00357
1.01926
1.00631
1.00303
0.985623
1.00308
0.988086
0.997269
0.981191
0.977656
1.00742
1.00798
1.00783
1.02119
0.975178
0.966832
0.983461
1.0143
0.991763
0.996501
1.0006
0.993329
1.00578
0.997267
0.983882
1.00948
1.00495
1.0064
1.0119
0.98578
0.993071
0.985513
1.00467
0.971794
1.00711
1.00236
0.991538
0.997933
1.0006
0.996702
1.00205
0.993134
0.996921
1.007
1.01566
1.0266
1.00944
0.986003
0.999459
0.989823
1.01011
0.982763
1.01496
0.994791
1.00603
1.00988
1.00052
0.989879
0.997473
1.017
1.0045
1.00161
0.99548
1.00243
0.996935
1.00844
1.00079
1.00936
1.00071
1.01651
1.0013
0.990336
1.00327
0.994106
0.996922
1.00339
0.999828
1.01785
0.991085
1.00344
1.01389
1.00008
1.00211
1.00145
0.991814
1.01233
1.00582
0.992006
0.994512
0.999868
1.00142
1.00665
0.997381
1.00119
0.984442
0.997548
1.00914
0.999442
0.980272
1.00133
1.00304
1.00407
1.00766
0.993552
0.994109
1.00317
1.01037
1.01044
1.00009
0.99693
0.994232
0.983209
1.00597
0.992592
0.973152
1.01362
0.984337
1.00377
0.993739
0.998448
1.02857
1.00337
1.00195
1.01206
0.994636
1.00027
1.00477
0.990921
0.983444
0.998291
1.00133
0.993368
1.00426
1.00846
0.993191
1.00338
0.995891
0.987857
0.991474
1.01476
0.986749
0.990369
1.00376
1.03212
0.998636
1.00754
1.0119
0.998226
1.00456
1.00548
1.01266
0.991019
0.999922
0.992637
0.983432
1.0206
1.01148
0.990551
1.00528
0.991232
1.01578
1.00777
0.98887
1.00389
1.0003
0.996571
0.996633
1.0044
0.999329
0.973096
1.01135
1.01159
1.00058
0.988306
0.988335
1.01331
0.99427
1.00733
0.988338
1.01707
0.99646
0.982298
0.983076
1.00282
0.991148
0.99474
1.02494
1.00615
0.998258
1.00067
1.00852
1.0051
0.995444
0.987299
0.990674
1.0046
0.983726
1.00881
1.01015
0.998002
0.998155
0.98595
1.02087
1.00123
1.01511
1.0001
0.992795
0.994353
1.01067
1.00839
1.01128
0.997903
0.98928
1.00082
1.00019
1.00257
1.02561
0.997395
0.981385
0.984364
1.02286
1.00522
0.965622
1.00959
0.990749
0.990289
1.02425
1.00975
1.02103
1.00796
1.0144
0.995453
1.01023
1.0021
1.01124
1.00198
0.998778
0.994695
1.00462
1.0168
1.00741
1.01933
1.00347
1.00845
0.997693
0.986861
0.989402
1.00558
0.990309
1.01095
0.991526
1.00398
1.0157
1.02966
1.0143
1.00953
1.00181
1.00286
0.998959
1.0061
1.0059
0.997871
0.986395
1.00932
0.983496
0.983217
1.01364
1.01431
0.995363
1.00917
0.994666
1.00458
1.00041
0.992675
1.00921
1.00619
1.00379
0.991831
0.994278
1.01303
1.00466
0.988731
1.00604
0.999302
0.998262
0.987663
1.0095
1.02255
0.999884
0.99836
1.02007
1.00279
0.988067
0.995019
1.00685
0.991473
0.988188
0.993329
1.00148
0.983177
1.00077
0.999887
0.998751
1.01662
0.994696
1.00437
1.01069
1.00149
1.01967
0.990261
1.02004
1.01636
0.979107
1.00418
1.00904
1.00315
1.01036
1.01548
0.990364
0.989791
0.986469
0.99467
0.986719
1.01405
0.989161
1.01501
1.00433
0.986701
0.982248
0.99774
1.0117
0.978976
1.0026
1.00967
1
1.02004
0.982857
1.00736
1.01409
0.983748
0.980241
0.987298
0.999877
0.998037
1.00834
1.01151
1.00926
1.00813
0.980288
0.998109
0.991884
0.983755
0.99814
1.00705
1.00196
0.974263
0.992686
1.00965
0.987404
0.998953
0.992769
1.01432
0.992954
1.00372
1.0045
0.997652
0.999144
0.993708
0.984025
1.01705
1.0024
1.00313
1.00321
0.989624
1.00728
1.00513
1.01919
0.996923
0.984753
0.988553
0.978328
0.997843
0.996893
1.00167
1.00788
0.99982
0.997903
1.01329
0.974691
1.00614
1.00848
1.00991
0.989421
0.994387
1.00231
1.0074
0.991795
0.998661
1.00848
0.985977
1.00651
0.983607
0.98517
1.00389
0.988214
1.01923
1.00406
0.999529
1.00569
0.996218
1.00105
0.999071
0.987898
0.983521
1.0148
0.987286
0.99611
0.99527
0.973093
0.994148
1.00765
0.993601
1.00807
1.01185
0.986051
1.00559
1.00505
0.985257
0.998587
1.00622
0.993011
0.984198
0.984838
0.985091
0.981709
1.00092
0.991378
1.02037
1.00921
1.00042
1.00016
0.994406
1.00248
0.997605
0.990437
0.99214
0.992242
1.01168
0.999105
1.01137
1.00673
0.993749
0.998515
0.985851
1.00676
1.01521
0.983353
1.00528
0.991901
0.988919
1.00797
1.01259
1.01093
1.00495
1.01423
1.00097
0.995552
1.00417
0.987742
0.97933
0.999172
1.02344
1.00382
1.00667
0.985799
0.998669
0.998319
0.989905
1.00426
0.992928
1.00943
1.00482
0.98806
0.971553
1.00977
0.993932
1.02083
1.00599
1.01109
1.00529
1.02212
0.995989
1.00438
0.992501
0.967904
0.979864
0.990763
0.99077
0.991742
1.01508
1.00753
0.995604
0.986565
0.983714
1.0141
0.996263
0.989776
0.99352
1.01324
1.0088
0.994941
0.998925
0.98565
1.008
0.991366
1.00444
0.986004
0.984109
0.980882
1.01061
1.01721
1.0017
0.991734
0.995883
0.989308
1.00815
1.00063
1.01798
1.01585
0.992105
1.00586
1.00927
1.00761
0.989422
1.01755
0.990726
0.991506
1.00696
0.986911
0.993523
0.992428
0.987558
1.00872
1.00044
0.98906
1.01565
0.997524
1.00246
1.01298
1.00512
1.01469
0.978463
1.0163
0.995812
0.99773
1.00286
1.01943
1.00078
1.01564
1.00874
1.00687
1.00232
0.978618
0.971628
0.983706
0.993394
0.987545
1.00911
0.993104
1.00256
0.999213
0.997811
1.00633
0.996091
0.995671
1.00808
0.99743
0.997265
0.993658
0.996903
1.01435
0.998456
0.996804
0.987831
1.0258
0.996252
1.01291
1.00808
0.994773
0.996027
0.996891
0.988512
1.00607
1.01103
1.00195
0.991993
1.00489
0.992648
0.995099
1.01493
1.00091
0.998571
1.00266
0.984333
0.986654
0.993896
0.98597
0.999454
0.990821
0.986293
0.982761
0.996313
1.02072
0.986058
0.986534
1.00323
1.00128
1.00215
0.982147
1.00703
1.0213
1.00404
0.983674
1.00542
1.00701
0.983858
1.00444
1.01555
0.985581
0.999884
1.00123
0.979674
0.988433
0.995389
0.989722
0.998418
0.998732
1.01723
1.02587
1.00102
0.99464
0.999382
1.00659
1.01798
0.996643
1.00196
1.01695
0.997252
1.01039
1.01044
0.988572
0.984566
1.01015
0.988524
1.00006
1.01753
0.969206
0.993051
0.990754
1.00539
1.01754
0.990124
1.00755
0.976957
1.01018
1.00053
1.0011
1.0104
0.982171
1.00353
1.00372
1.00126
1.00052
1.00263
0.998004
0.98044
1.00994
1.00893
1.00318
0.989102
0.982729
0.976105
0.998386
1.0035
0.998776
0.988559
0.99742
0.992476
1.02072
0.997163
0.987334
1.00068
0.986535
0.995098
1.0027
1.0087
0.992153
0.997294
1.00339
0.979422
1.0061
1.00511
0.969509
1.00163
0.997163
0.985178
1.01215
0.994157
0.981343
0.972382
0.983616
1.00464
0.988625
1.00719
1.00882
1.01358
0.993342
1.00302
1.0041
1.00458
1.00811
1.00281
0.991982
1.00314
0.985565
1.01423
0.993687
0.998674
0.998552
0.983305
1.00992
0.968724
0.986322
1.02093
0.994065
1.00758
0.993999
1.00392
0.994065
1.01583
1.00328
1.00183
1.00859
1.00809
0.9758
0.995355
0.988992
0.996041
1.01495
0.993918
1.01926
1.00022
0.981545
0.996055
0.999364
1.02326
1.00898
0.984107
0.98007
0.998409
1.00498
0.999289
0.983116
0.982722
1.01196
1.01743
0.992963
1.00084
0.993371
1.03108
0.998925
0.992613
1.01087
1.00737
0.994843
1.00231
0.997902
0.962878
0.998115
1.00913
0.999474
0.995633
0.997017
1.01946
0.971581
0.98617
0.98832
0.982389
1.01649
0.998323
0.995191
1.01448
1.00195
1.00022
1.01204
1.01288
0.993301
0.973443
0.99766
0.994476
0.988955
1.00367
0.987393
0.993407
1.01004
1.00376
0.99294
1.01147
0.997968
0.987
0.977773
1.01076
1.01332
0.993193
1.00561
0.984024
1.0141
0.994247
0.994198
1.00788
0.988997
1.00022
0.995482
1.01706
1.01964
1.00898
0.988769
0.999945
1.00101
0.9999
0.995118
0.99828
1.0001
1.01053
1.00922
1.00638
1.00296
0.997544
0.98571
1.00666
1.00695
1.02166
0.988874
1.02141
0.994585
0.997705
1.0005
1.01095
1.00647
0.982771
0.989501
1.00277
1.00112
1.00132
0.994523
0.989508
1.00215
1.00036
1.00067
0.99168
0.984122
1.00479
1.00142
1.00192
0.993682
0.992517
1.00503
0.99719
1.00957
0.983676
0.994323
0.990192
1.01463
0.980503
0.98766
1.01012
1.01025
0.971886
0.997349
1.01598
1.00173
0.998811
1.01024
1.02575
0.990856
1.00227
1.00862
1.0007
0.989757
1.00729
0.986549
1.02243
0.993807
0.99312
0.988813
1.01111
1.00882
1.02436
0.982851
0.999782
0.997259
1.01017
0.998331
1.01848
1.00686
1.01784
1.0008
1.00567
1.01127
0.994216
0.974227
1.00012
0.997066
0.984279
0.990351
1.00208
1.01501
0.977764
1.00987
0.992895
0.995201
1.00173
0.98647
1.01187
1.01205
1.00134
1.00124
1.00056
1.00828
0.983498
1.00363
1.01159
1.01044
0.991078
1.01179
1.00262
0.985909
0.99375
1.01017
1.00445
1.00124
1.0023
1.00936
1.01705
1.00467
1.01426
0.996055
0.993278
1.01366
1.02056
0.979294
1.00152
1.00367
0.987845
0.999212
0.977541
1.00201
0.985778
0.986048
0.995837
1.004
1.01675
1.00837
0.993685
0.99918
1.00728
1.00068
0.993704
1.00374
0.999271
1.00843
1.00079
0.990655
0.983601
1.00637
1.00501
0.99455
0.978382
1.00241
0.9933
1.00434
0.99817
0.999244
0.992573
0.981396
1.0115
0.990609
1.00082
1.00918
0.983204
0.985614
1.00489
1.00067
0.997215
0.99813
0.994499
1.01756
0.994964
0.988134
0.993011
0.99567
0.989362
0.988557
0.998396
1.00966
0.994982
0.985633
1.00449
0.987237
1.01227
0.986132
0.984845
1.00471
1.0005
0.990083
0.990559
0.987476
0.997434
0.994008
1.00208
0.998837
1.00041
1.00842
1.00178
0.99009
1.00543
1.01114
0.972351
0.995026
1.01379
0.995742
1.02219
1.00048
1.00257
1.00572
0.996892
1.00881
0.97872
0.991188
1.0139
1.0074
0.997132
1.00439
0.99763
0.984443
1.00514
0.982889
0.998688
1.00601
1.01274
1.00312
0.990267
1.01131
1.0134
0.995555
1.00926
0.987593
1.00326
1.0115
1.01009
1.00788
0.995818
0.987548
1.01901
1.00131
0.986007
0.991298
0.993119
1.00292
0.990092
1.00294
0.984386
0.999825
0.993823
1.00588
0.994172
1.00349
1.00537
0.990537
0.99759
0.989909
0.993302
1.00066
1.01315
0.99511
0.991626
1.00852
0.992509
0.977179
0.984251
1.0135
1.00902
0.974496
1.02528
0.989711
1.00249
0.994234
0.99341
0.988301
0.98787
1.00836
0.995498
0.996492
1.00869
1.00097
1.01708
1.00011
0.998639
0.979145
1.0065
1.00847
0.976853
0.99974
0.986896
0.988805
1.00127
0.98601
1.01612
0.991651
1.0045
0.994123
1.00839
0.998626
0.988234
0.981859
0.999598
1.01065
1.01165
0.987467
1.01143
1.0033
1.00474
0.987725
0.991731
1.01429
0.998086
0.98645
0.989525
0.983345
0.997587
0.979514
0.985345
1.00101
0.999609
0.998854
0.959384
0.982301
1.00232
1.01911
0.993774
0.980827
0.988865
1.00119
0.991606
0.998672
1.00498
1.00593
1.00431
1.0186
0.995448
0.997306
1.02685
0.992226
0.994298
0.98233
0.997595
1.01306
0.984023
0.980543
1.01022
0.987642
0.999525
1.01074
0.983054
0.995088
1.0177
1.00683
1.01869
0.991035
0.992476
0.990433
1.01409
1.0151
0.988474
0.991863
1.00795
0.99362
0.990896
0.996629
1.01847
1.01217
0.989233
0.994805
1.00818
1.01745
0.985521
0.990997
1.01302
0.99935
0.996424
1.01821
0.998383
1.01253
0.981696
0.995662
0.986562
1.00796
1.01251
1.00671
0.998377
1.00999
1.00332
0.993685
1.00236
0.995183
1.00156
1.00902
0.986991
0.990808
0.98807
0.992954
0.997045
1.00031
0.991185
1.00715
0.991839
1.00866
1.00868
1.00406
1.00645
0.989722
0.997897
0.996135
0.997026
1.01234
0.985688
1.0033
1.00024
1.00807
0.995341
1.02238
1.00244
0.98754
0.987307
0.989827
0.988506
1.00597
1.00833
1.02619
0.995966
1.01492
1.00014
0.999694
0.997528
0.983385
0.993729
0.988757
0.968125
0.987605
0.99329
1.00304
0.998219
0.994223
0.999774
0.985989
0.998029
1.00918
1.00872
1.01931
1.00341
0.997941
1.00305
1.01117
1.00285
0.995917
1.00022
0.99275
1.01551
1.00059
1.0107
0.999141
1.0024
1.00044
0.989699
1.01158
1.00264
0.995172
1.00157
0.995942
1.00934
0.987678
1.01428
1.00332
1.006
0.990106
1.0155
0.996578
1.01093
0.986893
1.00738
1.00749
0.995913
1.00087
1.01055
1.01196
0.994439
0.994599
1.00353
0.980842
1.01254
0.998663
0.992569
0.991225
0.978596
1.01146
1.00574
0.979517
0.993758
1.01323
1.01092
1.0015
1.00516
1.01012
0.99109
0.989985
0.988341
0.997542
1.01079
0.997124
1.01376
0.996185
1.00855
1.00982
0.9838
1.01235
1.00457
0.994013
0.980503
1.02104
1.00482
1.00453
0.992749
0.980773
1.02785
0.994296
1.01635
0.996664
1.01345
1.00721
1.00871
0.972943
0.995245
1.00459
0.985679
1.00895
1.00357
0.993278
0.98874
0.982043
0.987909
1.01413
0.989227
0.990734
1.0022
1.01936
0.998449
1.00618
1.00434
1.01643
1.00237
0.997345
1.01343
0.998589
0.990843
1.00892
1.01845
1.00976
0.997218
0.988767
1.00764
0.9993
1.0127
1.01342
0.995321
1.00602
1.00854
1.00452
1.00634
0.983877
1.00751
0.992483
1.01192
0.986154
0.999311
0.9967
0.995119
0.996969
1.00138
1.00406
0.996179
0.998624
1.00209
0.980416
0.996337
0.996492
1.0144
0.997644
1.00586
0.99609
0.99306
0.996781
0.999575
0.998716
1.00206
0.995705
1.00074
1.00195
0.992943
1.00081
1.00459
0.997843
1.00805
1.00648
0.987676
0.982435
1.01997
1.01008
1.00194
0.99514
0.976489
1.01037
1.02134
0.993
1.00677
0.998675
0.990531
1.00821
1.01062
0.97975
0.992819
0.999621
0.984515
0.988927
0.99419
0.994093
1.00954
1.00849
0.992927
0.996285
0.991506
0.994233
1.01254
1.01295
0.995437
0.996797
0.997039
0.990002
1.00099
1.01309
0.988109
1.00102
1.00292
1.01855
1.01099
0.987387
0.988237
0.992298
0.995108
0.970121
0.985953
1.01515
1.01323
0.987679
0.994922
1.0103
1.00624
0.996932
1.00293
1.03473
0.997918
0.994276
0.986454
0.99019
1.0023
0.99812
1.0108
1.00032
0.998723
1.01048
0.990513
1.00088
0.990169
0.997757
1.02278
1.00947
1.01756
1.02211
1.01152
0.996928
0.983141
1.01528
0.996163
1.0073
0.99925
1.01098
0.992022
1.00509
1.00433
1.02456
1.00522
0.991013
0.984169
0.994045
1.00646
0.992809
0.987479
1.00262
0.996325
0.981089
0.995637
1.00116
0.990477
0.980401
0.982574
0.995418
0.998141
0.991669
0.992983
1.00488
1.00932
0.999483
1.016
1.01448
0.982378
1.0133
0.994908
0.998617
0.987633
0.988904
0.992263
1.01168
0.989982
0.99726
1.02777
0.994211
1.00679
1.00084
0.986727
1.00441
1.00632
0.992111
0.978228
0.990564
0.997298
0.996893
1.00434
0.990301
0.987956
1.01137
1.00084
1.01985
1.00836
0.995665
1.00276
0.989998
0.98822
1.00213
0.997835
1.00383
1.00545
0.993022
0.994859
1.00845
1.02394
0.999319
1.00164
0.994857
0.984479
1.00505
1.0005
1.01704
0.999088
1.00029
0.990237
1.02346
1.00819
0.98863
0.993579
1.00213
1.01205
1.00054
1.01314
1.0168
1.00104
1.00345
1.00275
1.00128
1.01491
0.984757
0.994267
1.0075
1.00243
1.02361
0.993105
0.995111
0.978373
0.996353
0.977117
1.00108
0.999122
0.99052
1.00496
1.00224
0.999657
0.995338
1.00313
1.00368
0.984568
1.01258
0.983963
1.01076
1.00243
0.97246
1.00471
0.981576
1.01941
0.996717
0.986564
0.985342
0.98938
0.993186
1.00021
0.994524
0.99926
0.972385
0.984942
0.980028
1.00701
0.993137
1.01276
1.01037
1.00317
1.00072
1.00505
0.995844
0.990551
1.00693
0.995849
1.03288
0.998296
1.0065
0.993959
0.989726
0.989137
0.98869
1.0164
0.984481
0.995998
1.01448
0.988478
0.995616
1.01062
0.996962
0.990615
1.00824
1.00652
0.997995
0.999036
0.997442
1.00673
1.00137
1.00349
1.00495
0.999354
1.00051
0.987828
0.998347
1.00218
0.991271
1.0078
1.00777
0.980567
1.00237
0.991471
1.03498
0.991595
0.990453
0.984847
1.01992
1.00842
1.00588
0.992278
1.01741
0.993077
1.01085
0.992178
1.00846
1.00291
0.994723
1.00902
1.0192
0.99961
0.999697
1.00905
0.977441
1.00554
1.01588
0.998983
1.00034
0.997098
1.02185
0.984004
1.00938
1.01808
0.980759
0.9897
1.00662
0.99996
0.993795
1.02022
1.00491
1.0013
0.986671
1.00496
0.972188
1.00331
1.00221
0.986778
0.984424
1.00047
0.999617
1.00152
0.996794
0.996752
1.01169
1.00884
0.983164
1.00332
0.999795
0.983258
1.02111
1.00017
1.00709
0.996667
0.998988
0.987422
1.01143
0.973971
1.03336
1.00836
0.989401
1.00018
0.997425
1.0018
1.00627
1.0018
0.992305
0.997774
1.00681
0.994906
1.00937
1.00264
0.996069
1.00246
0.981791
0.984092
0.989956
1.00748
0.998149
0.983885
1.01712
1.01434
1.00151
1.00245
1.02044
0.981695
1.00366
0.988833
1.00286
1.00536
0.998617
0.991975
1.00717
1.0175
1.00102
1.00463
1.0103
1.00924
1.01294
1.02804
0.983235
1.01278
1.0051
0.991713
1.01284
1.01836
1.00721
1.00721
0.993738
0.996312
0.998948
1.01217
1.01797
0.978871
1.0151
1.00803
0.979597
1.01738
0.998135
0.99555
1.01308
0.98545
1.00175
0.999003
0.98791
0.992941
0.997029
0.998725
1.01495
0.990926
0.981012
1.0005
0.979542
0.98661
0.998039
0.987088
1.01587
1.00303
0.99787
0.995448
1.02079
0.986069
1.00229
1.0018
0.987227
1.00054
1.0273
0.994791
1.00257
0.992481
0.991691
0.98741
1.00442
1.0132
1.00347
1.01332
1.003
1.00204
0.970359
0.994065
1.0053
1.01164
1.00633
0.991197
1.02046
1.00411
1.00795
1.01562
0.999288
1.01597
1.02117
1.01038
0.990369
0.991968
0.990209
1.00326
1.00869
0.996957
1.01041
1.00185
1.00185
1.00114
1.00466
0.991924
0.992024
1.00059
1.0133
1.00556
0.9894
0.996419
0.99455
0.996057
1.00178
0.995751
1.01048
1.00082
1.00861
1.01795
0.981812
1.01489
0.99916
0.999112
0.990472
1.01486
0.988884
0.976151
0.992204
1.00031
1.01798
0.99689
1.00531
1.00888
0.978745
0.998704
0.996429
0.996578
1.01072
0.988166
0.988979
0.994969
1.01171
0.982715
0.994227
0.992243
1.00168
0.984143
1.01259
1.00869
1.00204
1.00911
1.00885
1.01044
1.00279
0.990058
1.00751
1.01057
1.00584
1.01043
1.0058
0.993651
0.992037
1.01792
1.00792
0.99959
0.990478
1.01198
1.01047
0.994815
1.00441
1.00971
0.994242
1.0149
1.01255
1.00673
0.997056
0.996431
0.982311
0.979242
0.987871
0.982289
0.973597
1.01676
0.988938
0.99748
1.00214
1.00471
0.996481
1.00063
1.03057
0.99501
0.989148
0.990842
1.00128
0.999834
0.992398
0.998917
0.999665
1.00457
0.989345
0.99385
0.998365
1.01967
1.00744
0.996572
1.0079
0.998143
1.00931
0.994143
0.991991
0.993218
1.01593
1.01906
1.00028
1.00021
1.00139
0.998116
0.984878
1.00199
1.00124
0.994321
1.00808
1.01913
1.01084
1.00456
0.997828
0.980845
0.996292
1.00429
1.00635
0.988773
0.989128
0.991436
1.01685
1.00693
0.996884
1.01474
0.983946
1.00054
0.994612
1.00296
1.00155
1.00854
1.00324
0.990164
0.995029
1.00289
0.990206
0.992355
0.994505
1.00276
1.01533
1.00619
1.00896
0.996595
0.9911
0.977761
0.986084
0.990889
0.981824
1.02995
1.00244
0.992389
0.978255
1.00282
0.988879
0.981595
0.989033
1.01488
0.995426
0.991886
1.00199
1.00474
1.0184
0.997433
0.99824
0.984158
1.00523
0.989289
1.02039
1.00259
0.988262
1.00084
0.986515
1.01244
1.01538
1.00397
0.99018
0.999535
0.984902
1.00982
0.995283
1.00012
0.998453
1.0187
1.00097
1.0029
1.00075
1.0014
0.986579
0.97974
1.00189
1.00803
1.01207
1.01003
1.008
1.00718
0.961018
1.00347
1.00141
1.00005
1.01304
0.992115
1.00717
0.998375
1.00821
0.996752
1.00581
1.00319
1.00411
1.00605
1.01568
0.996007
1.00192
0.992522
1.01291
1.0117
1.0021
1.01302
1.0006
0.9955
1.0092
0.986726
0.998482
1.00009
0.991066
0.995764
0.995759
0.994515
1.0068
0.993359
1.01822
1.00536
1.00822
0.987994
1.00635
0.990149
0.999882
0.987297
1.01428
0.99911
1.00041
0.976897
0.995837
0.999584
1.0038
0.98408
0.996089
0.997173
1.00441
1.0076
0.990919
1.02653
1.00616
0.998831
1.0022
1.00444
0.992276
0.997322
0.984086
0.995166
0.983367
0.99959
1.0059
0.975567
1.00582
0.988195
0.982472
1.01859
0.998888
1.00613
1.00389
0.988439
0.98955
1.00285
1.00062
0.995289
0.998871
1.0147
0.992592
0.994394
1.00308
1.00096
1.00925
0.990144
0.999969
0.991727
0.991377
1.01445
0.990588
0.998081
0.993363
0.986662
1.01313
1.00721
0.988649
0.972787
1.00699
0.999181
1.01364
1.00391
0.990539
0.987213
1.01072
1.00219
1.01316
1.01088
0.995947
0.988036
0.996127
1.00158
0.977927
0.982783
0.997299
1.03387
0.999366
0.978163
1.00674
0.999186
1.00478
1.00342
1.01117
1.01167
0.980796
0.986663
0.986912
0.996629
0.99504
1.00458
1.00205
0.984902
1.02345
0.98794
0.992654
0.995869
1.00448
0.983844
0.978273
0.996158
1.01083
0.990881
0.979149
0.993595
1.00089
1.00773
1.00112
0.967663
0.999132
0.987284
1.01644
1.00268
0.996342
0.996821
0.995729
1.00258
0.981744
1.01155
1.00903
0.986985
0.984119
1.00826
1.01138
0.994064
1.0093
1.01793
1.0055
1.00463
0.995591
0.996151
0.996373
0.980665
0.99856
0.996691
0.996859
1.00368
1.00107
1.00378
0.980766
0.977296
1.00609
0.985782
1.01418
1.01766
1.01582
0.999918
0.994031
1.01227
0.994373
0.996872
1.00606
0.999296
0.979935
0.993076
1.01503
0.994541
1.00355
0.995135
0.981172
0.997218
1.0002
1.0045
1.00629
1.01018
1.02686
0.988886
0.982016
1.01224
0.993399
1.01366
0.995726
1.00027
0.985415
0.998798
1.00362
1.00843
0.995237
1.00225
0.98593
1.01043
1.0046
1.01022
1.01697
1.01677
1.00308
0.999972
1.00711
1.02005
1.0032
0.99764
1.00446
0.984487
1.00505
1.01489
0.992131
0.987083
1.00983
0.996084
1.00312
0.99907
0.997887
0.986182
1.00695
1.00296
0.998516
0.991547
1.00236
0.996551
0.981195
1.0001
0.987189
1.00075
1.01003
1.0225
0.9922
1.00733
1.00524
1.00582
0.975302
0.999261
0.999014
0.987909
0.974558
1.00997
0.986123
1.01675
1.00951
1.00089
1.00428
0.999876
1.01695
1.01635
1.00662
0.999995
1.0059
0.991677
1.0183
1.00968
0.986812
1.00171
1.01778
1.01075
0.978939
0.979529
0.999933
0.998051
0.981476
1.00111
0.98498
0.992553
1.00386
1.00594
1.00363
0.977417
1.00493
1.00368
1.00267
1.01128
0.989509
0.994104
0.987679
0.999283
0.998533
1.02101
1.00793
0.988927
1.00386
1.01
0.989503
1.00787
1.00895
1.01408
0.980232
1.02019
0.995475
1.01564
0.991881
1.00413
1.00334
1.00774
1.01147
1.01985
1.00957
1.01293
0.994692
0.983283
0.991968
1.00143
1.01005
0.983854
0.992741
0.993909
0.995585
0.971307
1.02459
1.00561
1.00013
1.02475
1.00673
0.994221
1.00242
0.974805
0.997777
0.998948
0.979497
1.00917
0.986996
1.00709
0.992424
0.999672
0.983831
1.00851
1.01547
0.9959
1.01146
1.01329
1.00741
0.989283
0.997125
0.982443
0.998954
1.01749
1.00863
0.999636
1.00616
0.996656
1.01198
1.01706
0.979563
1.00645
0.97451
0.990325
1.00949
1.0074
0.992729
0.994536
1.02725
1.01655
0.981092
0.992355
1.0013
0.99438
0.988911
1.00368
1.00146
1.00276
1.00108
1.0078
1.01337
0.991395
1.01069
1.02453
1.00658
0.998113
0.987779
1.00339
0.986795
1.01626
1.00856
1.00657
0.99362
0.9895
0.997181
1.00865
0.987521
0.998962
0.995161
1.00809
1.00312
0.990627
0.989361
1.00491
1.01933
0.994365
1.00577
1.02171
0.997499
0.988324
1.01431
1.01689
0.995087
1.01927
0.99592
1.00936
0.985086
0.980881
0.985974
1.02687
1.0111
1.00505
0.997956
0.98363
1.0062
1.00908
1.01367
1.01021
1.00308
0.982978
1.01479
0.992689
0.996509
1.00627
1.00056
1.00851
1.00895
0.989635
1.00288
0.982137
1.01652
0.993789
1.00561
0.989481
0.98959
0.979475
1.01347
0.99073
1.01967
0.997847
1.003
1.01028
1.01941
0.996916
0.996978
0.998903
1.0005
1.01425
0.985948
0.994593
1.00091
0.99353
1.0065
0.986868
0.977915
1.01109
0.99865
1.00144
0.9705
0.992118
0.993776
1.003
0.992339
0.988584
1.01778
1.02096
0.996605
1.00687
1.01511
0.987407
0.994422
1.02515
0.980497
1.01956
1.0137
1.00819
0.993985
0.990621
0.997866
0.993521
0.997284
0.989259
1.01128
1.00729
1.00147
1.0239
0.988616
1.00083
1.00098
0.994306
0.996856
0.990496
0.999591
1.00304
0.987477
0.990699
1.01757
1.02883
0.998736
1.00614
0.982052
0.990461
0.992385
1.00149
0.997948
1.02287
1.01067
1.00773
0.98753
1.00755
0.997466
0.97718
0.981992
0.992478
0.993681
0.981253
1.00273
0.999544
0.983082
1.00181
1.00027
1.01801
0.990222
1.01858
0.99732
0.997158
1.0078
1.01806
0.998185
1.01361
1.02267
1.00379
1.01173
1.00597
1.00383
0.990212
1.01319
1.00178
0.98537
0.987003
1.00492
0.99388
1.00161
0.996446
1.02501
0.99531
0.98278
0.998769
0.985925
0.996024
1.01456
0.988916
0.979593
0.987116
1.01232
1.00103
1.01766
1.01358
0.997006
0.981417
0.997228
0.999352
1.0106
1.00921
0.988377
0.984598
0.998352
1.00757
1.02758
1.02172
0.984304
0.982199
0.989459
0.998489
1.0051
0.976932
1.0002
0.984875
0.997265
1.00453
1.0054
0.994646
1.02026
1.00457
0.98469
1.00913
0.995912
1.01268
1.01466
0.997748
0.994801
0.972884
1.00982
0.980333
0.990666
0.998435
0.994173
1.00218
0.99409
0.990888
0.985415
1.00721
1.00349
1.00096
1.00242
0.988089
0.998466
0.995009
0.99201
0.99571
0.982312
0.976988
1.00622
0.999552
1.01358
1.01074
0.995185
0.987845
0.997198
1.00477
0.998859
0.97427
0.994515
1.00752
0.99975
0.988945
1.01407
1.0057
0.994837
0.981587
0.999435
0.997551
1.01572
0.998303
1.00867
1.00131
1.0106
0.974907
1.00003
1.02008
0.99648
1.01205
0.995463
0.998841
0.993891
1.01101
0.987756
0.999862
0.99413
1.01378
1.01754
1.00981
1.0093
1.00497
0.975187
0.978895
0.996915
0.992143
0.982388
0.983483
1.00766
1.00909
1.01793
0.997698
1.03078
0.993764
0.985368
0.991148
1.01495
0.996218
0.989453
1.00277
1.00982
0.978918
0.999557
1.00983
1.01861
0.997673
0.992579
0.999853
1.01578
1.00812
0.988162
1.0174
0.994443
0.993325
0.991857
1.01354
0.986226
1.01458
0.987898
0.996975
0.992971
0.99518
1.00558
1.01316
1.00598
0.998104
1.00084
1.00959
1.00461
0.979256
0.986193
1.00779
1.00723
1.01412
0.980923
1.00422
1.0142
1.01421
0.9828
0.986189
1.00786
1.0213
0.993931
1.01789
0.99541
1.00125
1.00362
1.00208
0.999711
0.988845
0.990933
0.979387
1.00108
1.00456
1.00044
0.988293
1.01283
1.00336
0.997459
0.977831
1.00047
0.991214
0.963599
0.974669
1.00887
1.00338
0.997216
0.988977
0.976314
1.00609
0.982267
0.98732
0.996163
1.00059
1.00127
1.00097
1.01411
0.999373
1.00329
0.99101
0.998479
1.00558
1.0105
1.02791
0.991317
0.993807
1.00234
0.994567
0.979228
1.00897
1.02036
0.985421
1.00168
1.01233
0.999859
1.00072
0.999104
0.992943
0.989636
0.99417
0.99088
0.980582
1.01314
1.00659
1.00914
1.01373
0.996655
1.00747
0.990683
1.01255
0.99932
1.00345
1.01536
1.0028
0.976288
0.990193
1.00308
0.982261
1.0004
0.987917
0.997294
0.999479
1.0112
1.02213
0.992343
1.00194
0.993251
0.990337
1.00142
0.992472
0.999799
1.01221
0.997927
0.992764
1.00495
0.984562
1.00165
1.00114
1.01573
1.00226
0.987005
1.00928
0.998084
0.995613
1.00209
0.997401
1.00179
0.996418
0.997828
0.992333
1.00483
1.00449
1.01751
1.00831
1.01424
1.0012
0.974073
1.00193
0.995705
0.985956
0.990659
1.02066
0.995603
0.981674
1.0105
1.00878
0.999683
0.993802
0.995509
0.980874
0.993038
1.00315
0.998254
1.00149
0.989733
1.00818
1.00123
0.991282
0.991831
1.00498
1.03294
0.993624
1.02152
0.989655
0.974512
0.992992
0.999585
0.997479
0.998466
0.994275
0.986789
0.997338
0.998223
1.00689
0.992993
1.00813
0.980815
0.984328
1.00698
0.99355
1.00511
1.01674
1.01048
1.00678
1.00295
0.990793
1.01498
0.997247
0.975571
0.994803
1.00789
1.0098
0.996465
1.00578
1.01242
0.993057
1.02054
1.0251
1.01268
1.00723
0.98616
1.0076
0.985018
0.992302
1.00519
1.00628
1.00475
1.01187
1.01382
0.991651
0.999899
0.986377
1.00876
1.00991
0.984475
1.00494
1.00599
1.01655
0.987223
0.995031
0.999008
0.978211
1.00639
1.00709
0.990522
1.02024
0.983833
1.01535
0.975303
0.99866
1.00215
0.996488
0.998785
0.985133
1.01156
1.01245
1.00309
0.978022
1.00605
1.00451
0.971153
0.985655
1.00438
0.993513
0.997876
0.990655
0.996295
1.00227
0.973489
0.990865
0.990628
0.983774
1.00253
0.99156
0.981875
1.02037
0.97268
1.008
0.993128
1.00257
0.999696
0.996708
1.00905
0.986308
0.990609
0.999568
1.00308
0.976827
1.00657
0.985371
1.00679
0.987045
1.00514
1.00776
1.00206
1.00895
1.00752
0.993892
0.988273
1.00691
1.007
1.00908
1.02128
1.00275
0.990526
1.00632
0.986256
0.998921
0.999923
1.00295
1.0057
0.999534
0.986633
0.981368
0.989538
1.0042
1.00372
1.01031
1.00427
1.00265
1.01481
0.997542
0.989463
1.02424
0.997102
0.98993
1.00104
1.00905
0.993207
0.994966
0.992708
0.991594
1.00438
1.01192
1.01358
1.00763
0.991505
1.00654
1.01257
1.00364
0.988541
1.01847
1.00915
0.988631
0.996851
1.01312
1.00361
1.00364
1.00931
1.00132
1.00615
1.00521
0.990671
0.99439
1.00374
0.992847
1.0096
1.03666
0.995212
1.00251
0.992267
0.975479
0.994426
1.00701
0.992454
0.998258
0.994177
0.996922
1.00664
1.00305
0.986847
0.99595
1.00813
0.999951
1.00988
0.987716
1.00425
1.00498
1.00971
0.994164
1.00374
1.00591
0.985982
1.01493
1.00976
1.01702
0.995069
1.00906
1.01061
1.00318
0.990176
0.997042
1.00016
1.00663
1.01871
0.997997
1.00792
1.00866
1.01765
0.993538
1.00351
0.981361
1.00063
0.997808
1.00993
1.00358
1.01153
1.01125
0.995196
0.985974
0.997349
0.992967
0.995926
0.98626
0.985952
1.0012
0.999182
0.993792
0.97059
0.98332
0.991822
1.01956
0.998229
1.01475
1.00753
1.01415
0.999233
0.997362
0.994669
1.01231
0.966201
1.01206
1.0034
1.02111
0.989296
0.989596
0.985584
0.990648
1.00916
1.00029
0.985139
0.988268
0.989606
0.982889
0.98126
0.994908
0.987268
1.01295
0.985077
1.01506
0.979962
1.0032
0.983535
0.994636
1.0046
1.01556
0.983935
1.00606
1.00092
0.982002
0.992546
1.01661
1.02068
0.992686
1.00185
1.00471
0.987284
1.0067
0.981079
0.992134
1.01189
0.974204
0.97296
0.9893
0.984504
1.02515
1.00408
0.996487
0.992764
1.03336
1.00339
1.00515
0.993968
1.01269
0.983192
0.988658
1.00857
1.0128
0.99538
1.00975
1.00264
0.996215
0.996956
1.00715
1.00999
1.00204
0.998252
1.00569
1.0185
1.00534
1.00745
1.01446
0.986275
1.00245
0.980704
1.00624
1.00388
0.995864
0.996464
1.00048
1.01077
1.01538
1.0074
1.00999
1.00754
1.01099
1.0082
0.967184
1.00201
1.00498
0.984924
1.01619
0.99034
1.01566
0.995721
1.02352
0.996014
0.993479
0.993141
0.999522
0.987169
1.02009
0.991623
1.0003
0.999695
1.01407
1.00327
0.978785
0.998632
0.991944
0.976248
0.987876
0.991656
0.983801
0.995915
0.986949
0.99082
0.990456
0.98501
0.997204
1.00689
1.01048
0.999763
0.997007
1.00909
1.00193
1.00999
0.979904
0.980167
1.01479
1.00357
0.986124
1.01251
1.00174
1.01957
1.00731
0.996553
1.01198
1.01571
0.995469
0.980235
0.999736
0.99279
1.00129
0.987158
0.996316
1.00653
0.993506
0.993829
0.99025
0.999282
1.02168
1.00204
0.973392
1.00444
0.994315
1.00823
1.00576
1.01017
1.00857
1.00695
0.998034
1.00217
0.991493
0.992305
0.990486
1.01911
0.993408
0.994322
1.00309
0.978206
0.98578
1.00362
0.979932
0.987752
0.99587
1.01799
0.997459
1.00492
1.00217
0.989302
0.981673
1.00151
1.00481
0.991703
1.00124
0.991203
0.986055
1.01853
0.998707
1.01703
1.00957
1.0002
1.00577
1.00532
1.00503
1.01679
0.997531
0.995424
0.987536
0.990731
1.00168
0.987276
1.02182
1.00315
1.00602
0.988117
0.988478
1.0075
0.991714
1.00009
1.0209
0.999356
1.01098
0.994525
1.01533
1.01716
0.994393
0.999051
1.01887
1.01545
1.01358
1.00191
0.988552
1.02273
1.00712
1.00706
0.991317
1.01116
0.994985
1.00775
1.01711
1.0023
1.00999
1.0085
0.998827
1.00483
0.995621
0.989574
1.0123
1.00307
0.992094
1.01508
1.00137
1.00628
1.00156
0.985501
1.01262
0.986979
1.00046
0.990525
0.992135
0.98891
0.986539
1.00601
0.991093
1.01234
1.01228
0.997939
1.02227
0.986842
0.989391
0.989305
0.98175
0.994507
1.01954
0.985481
0.997894
0.977782
0.986518
0.993292
1.00705
1.00037
0.967297
1.01071
0.993093
1.01919
1.00897
0.994746
0.99603
1.00158
0.993777
0.995298
0.992786
1.00272
1.01129
0.975435
0.994063
0.993408
1.00543
0.983093
1.00277
1.00681
0.985047
0.992237
0.996663
0.990032
0.991475
0.997469
1.00314
1.00754
1.00805
0.992765
1.01402
1.00416
1.00351
1.00504
0.986002
1.0348
1.02327
1.00817
1.00281
0.995023
0.998684
1.0011
0.986196
0.998888
0.978854
0.998054
1.00312
1.01636
1.00308
0.997638
0.986614
0.983936
0.997442
0.990408
1.01726
0.988826
0.994023
0.997976
1.01173
1.00636
1.01374
0.99499
1.00691
1.00292
0.984199
1.00501
1.01641
0.991962
0.9875
0.991387
1.00167
0.997024
1.00433
1.007
1.0325
1.00853
1.02355
1.00501
1.0038
0.997557
1.00447
1.00966
1.01097
1.00948
0.985953
1.03358
0.990097
1.01645
1.00991
1.00734
0.998865
0.989607
1.00382
1.00195
0.984648
0.997422
0.999585
1.00439
1.01041
0.999463
1.00453
0.999213
1.00842
1.01656
0.991702
1.01152
1.00706
0.997809
0.99835
1.00225
0.997041
1.0004
0.989897
0.99286
1.01558
0.989574
1.00288
1.01949
1.01492
0.992623
1.01006
0.983446
1.00024
0.995533
1.00692
1.00538
1.00416
1.00162
1.00933
0.996608
0.994018
1.01341
0.984993
1.01573
1.00677
1.02457
0.987421
1.0063
0.984401
1.00752
0.991664
1.01067
1.02059
1.01095
1.00476
0.998463
0.989172
0.988993
1.02404
0.985765
1.01271
0.98317
0.98638
0.992078
1.00193
1.00395
1.01995
1.01412
1.00437
1.00074
0.985017
0.991459
0.984694
0.982515
1.00231
0.999916
0.993225
1.00699
0.998709
1.01584
1.00851
0.976461
0.998857
1.00346
0.988221
0.994618
1.01006
1.01307
0.987255
1.01654
0.995152
1.00492
0.993425
0.988655
0.993311
1.00683
0.994826
0.994786
1.00804
1.0044
1.02796
1.00936
1.01064
0.994602
1.01785
0.999855
0.997937
1.02183
1.01466
0.998092
1.01167
0.989849
0.98625
1.00542
0.979934
1.01449
1.00461
0.998749
1.0023
0.998555
0.999075
1.00721
0.99337
1.0042
0.99243
1.01148
1.00666
0.987859
0.987483
1.00818
1.01728
1.00804
0.982375
1.00098
1.01612
0.990417
0.974778
0.989304
1.0169
1.01418
1.00338
1.00879
1.0091
0.983392
1.00453
1.0041
0.982753
1.00385
1.00111
1.01881
0.994835
1.01434
0.994194
1.01061
1.01262
0.990111
0.999334
0.998005
1.0152
1.0061
1.00848
0.999254
0.996323
1.01658
1.00554
0.966081
1.00257
0.981624
1.01352
0.979269
1.00323
1.00466
1.01257
1.01228
1.00137
1.01286
0.983088
1.00262
0.988467
0.984201
1.02084
1.01343
1.00905
0.995916
0.995161
1.00224
1.01714
1.00016
0.997759
1.01049
1.00825
1.02345
0.982927
1.00809
1.0155
0.985293
0.982452
0.972058
1.00468
1.00377
0.985514
1.00776
0.996376
0.994617
1.01959
1.00557
0.995416
0.99041
0.998819
0.993011
1.01806
0.996909
0.998573
0.98727
0.999156
1.0082
0.997169
1.00724
0.991221
1.00028
1.00927
1.00018
1.00927
1.00101
1.00115
1.01409
0.980966
1.01559
0.999517
0.99388
1.01794
1.00201
1.01146
1.00089
0.990471
0.999386
1.01958
0.98731
0.991644
1.01732
0.981573
1.00018
0.996587
1.00865
1.00446
1.00122
1.00303
0.990332
1.01516
0.996508
0.988696
0.998869
0.999426
0.988256
0.99219
0.986193
0.99083
0.998764
1.01595
1.02603
1.01635
0.985115
0.994932
0.999104
1.00904
0.992585
0.992787
1.0091
0.99108
1.01142
0.991849
1.00252
0.997362
1.00117
0.985147
1.02294
1.00117
0.988128
1.01225
1.01452
0.987071
0.993082
0.990095
0.998867
0.981353
1.00074
1.00332
1.00514
1.00719
1.01693
0.992485
1.00181
0.999401
0.996822
0.987033
0.988411
0.986444
0.982624
0.996099
1.00727
0.986896
0.996298
0.998105
1.00318
1.01681
0.996911
0.989527
0.991141
0.981884
0.997218
1.00222
1.00141
0.982744
1.00404
0.994586
1.01509
0.998017
0.997318
1.00451
1.00544
1.00294
1.00122
0.978637
0.998082
1.00384
0.9742
1.0106
1.00955
1.00861
0.991831
1.0104
0.998242
0.983064
0.990115
0.998188
0.98849
0.991206
1.0082
1.01021
0.99395
0.994256
0.996151
0.993398
1.01256
1.00512
1.00592
1.01312
1.00408
1.01494
1.0036
0.998184
0.997931
1.00592
0.994514
1.02421
1.00131
0.988131
1.02477
1.0226
1.00427
0.996865
1.00199
0.99136
0.98385
1.00605
1.023
1.01724
1.00351
0.998017
0.993528
1.0044
1.02391
1.00779
0.989806
0.980876
1.0194
0.989553
0.992724
0.997295
0.993229
0.991396
1.00743
1.01627
1.00741
0.994212
1.01255
1.00255
1.01632
0.981352
0.98936
0.999741
0.98845
1.02431
1.00533
0.999127
0.989395
0.992105
0.99558
1.01159
1.00467
0.99528
1.00331
1.00336
1.01236
0.997502
0.978071
0.980513
1.01335
1.00115
1.0083
1.01496
1.00852
1.00497
0.995878
0.993823
1.00128
1.0073
1.00502
0.988952
1.00891
0.993823
1.02112
1.0186
1.00642
1.00447
0.996892
1.0023
0.97963
0.994794
0.994072
0.998643
0.976079
0.986286
1.00575
0.996745
1.00144
1.00246
1.00625
0.998492
1.00541
0.99651
0.99564
1.00459
0.982862
1.00714
0.993763
0.992804
0.994791
1.00856
0.988952
0.999067
1.00419
1.02007
1.01287
0.989973
0.997272
0.998487
1.01143
0.990144
0.996238
0.998969
1.01507
1.00942
0.995982
1.00322
0.981519
1.01295
1.02744
0.988291
1.00073
1.01369
1.01857
1.00097
0.997314
0.993235
0.994662
1.01663
1.00016
0.987648
1.01392
1.00291
1.00952
1.01119
0.98525
0.996962
0.984867
0.989989
1.01233
1.0078
1.00346
1.00157
1.01566
0.997143
0.985601
0.995218
1.00683
1.01786
1.00605
1.02117
1.00966
0.992976
1.00916
1.00401
0.984603
1.00772
0.992269
0.996193
1.02015
0.996504
1.01038
1.0105
0.990967
0.983548
0.998735
1.00818
1.00199
0.990707
0.992523
0.982985
0.982508
1.01034
0.980984
0.989222
1.01634
0.992811
1.0209
0.992541
1.00844
0.995265
0.979364
1.01798
1.00837
1.00924
0.987056
0.979196
0.992958
1.00869
1.00186
0.998656
0.996569
1.01772
1.0198
1.00413
1.01219
1.00193
1.00923
1.00237
0.992181
1.01939
1.01992
1.01075
1.00268
0.999536
1.00097
0.983766
0.987601
0.986945
0.992531
1.01303
1.00261
0.979995
0.982557
0.980318
0.996229
1.0054
1.00275
1.0005
0.980223
1.01981
0.983942
1.00816
0.98388
1.01246
1.01665
0.979427
0.995854
1.02735
1.01029
0.994452
0.999626
0.995692
1.01526
1.01286
0.99279
0.987243
0.987355
0.999375
1.01134
0.999779
0.990978
0.999583
1.00621
1.01348
1.01932
1.02517
1.00244
0.991005
0.992578
0.993758
1.00996
1.0048
1.01293
0.976994
0.996792
0.994188
1.00145
1.00888
0.993275
1.00531
1.00829
0.970554
1.0007
0.99672
1.00502
0.983006
0.991634
1.01245
0.990755
0.996761
0.972694
1.00091
1.0106
1.02026
1.01344
0.987141
1.00268
0.975389
0.988535
0.999207
0.996436
0.998507
0.997946
1.00552
1.01321
0.988052
1.02013
1.01677
1.0044
0.987886
0.991521
1.02347
0.99617
0.998527
1.0085
1.00633
1.00589
1.01043
1.00441
0.976148
1.01131
0.994553
1.02241
1.01816
0.992785
0.990053
0.993343
0.998003
1.00856
1.00274
1.00148
1.00025
0.997172
1.00133
0.983714
0.993577
0.996667
0.99657
0.986749
0.996417
1.00366
1.00417
1.00105
0.991734
1.01347
0.999233
0.972369
0.981396
1.01442
0.99127
0.989658
0.991385
0.998566
0.99698
0.997921
0.983825
1.00465
0.984062
0.984663
0.981131
1.01103
1.00426
1.00132
1.00252
0.996715
1.01006
1.00057
1.01753
0.996461
0.987255
0.986416
1.00839
1.00839
0.999603
0.999095
1.0176
1.00597
1.00798
1.00648
1.01209
1.00259
1.00075
0.978442
0.981632
1.01092
1.00403
1.00542
0.989219
1.0018
1.01147
0.997089
1.00024
0.972982
0.993296
1.00997
0.985978
0.996937
0.987795
0.993512
0.999416
0.989357
1.0094
1.00877
0.99661
1.00399
0.999029
0.998559
0.99498
1.002
0.989098
0.991966
1.01341
1.00151
1.00587
0.997414
1.00716
1.00078
1.01493
1.00571
0.996741
1.0061
0.996113
0.998271
0.996131
1.00796
0.973439
1.02055
0.996786
0.993058
0.987308
0.995434
1.00586
0.988518
0.990225
1.01165
1.01023
1.00832
1.02415
0.983953
0.994336
1.00232
0.981766
1.00167
1.00095
1.00856
0.99808
1.00146
0.98254
1.0111
1.00822
1.01194
1.00287
1.02056
0.995804
0.988184
0.989699
0.999863
1.01197
1.00737
1.00728
0.999599
1.0104
0.996274
1.01139
1.00286
0.992721
0.994298
0.986733
0.983536
0.989195
0.98784
1.00919
1.01253
1.00857
1.00547
0.993734
0.970899
1.00273
1.00962
0.995611
1.01632
1.00624
1.0029
0.994309
1.01394
1.0076
1.00285
0.999852
0.998523
0.999198
0.98011
0.996327
1.00673
1.01534
0.990796
1.00662
1.00308
1.01195
0.990337
0.997306
1.02185
1.00708
0.980034
0.977606
1.00366
1.00006
0.992541
1.01534
1.00474
0.983746
0.997109
0.995743
0.984123
0.974017
0.998177
1.01815
0.987346
0.995132
0.994078
0.995568
0.986591
0.989929
0.982499
1.01667
0.995562
0.985742
1.01091
0.991871
1.00315
0.993785
1.01201
0.975909
0.98686
1.01566
0.996951
0.993456
0.979813
1.02377
0.988594
1.01566
0.992897
0.972103
1.0009
1.00463
1.00835
0.9881
0.981006
1.00359
1.00854
1.00626
0.995306
1.0116
0.988891
1.00718
0.994222
1.00445
0.996857
0.97928
1.01672
0.990034
1.02033
0.990181
1.00811
0.997167
1.0175
0.982443
0.996915
0.995355
0.991787
0.999413
1.00447
1.01614
1.00282
1.00146
1.01001
1.00338
0.992839
1.00866
0.991248
1.00419
0.998437
1.0064
1.00175
1.00323
1.00324
1.00125
1.00734
0.996661
0.987516
0.988903
0.994147
0.996214
0.992288
1.00519
0.989713
1.02253
0.99233
1.00975
0.993513
1.00192
1.00122
1.01168
1.01443
1.00563
1.01908
1.00142
0.999617
1.00302
0.988793
1.01283
1.01767
0.975881
1.00468
0.993261
1.00585
0.997095
0.999376
1.01266
0.988695
0.993891
0.988807
1.00918
1.00933
0.997923
0.985168
1.0059
1.011
0.993037
0.986322
0.994268
1.0191
1.01214
0.99735
1.00018
0.998354
0.9898
1.00679
1.00406
0.988488
0.992974
0.976875
1.0112
1.0191
0.998417
1.00775
1.00043
0.998096
0.970018
0.990355
1.0207
0.990316
0.987995
1.00492
1.00943
1.01388
0.999557
0.999717
1.00365
0.981894
1.00611
0.999531
0.996216
0.981796
0.986431
0.993158
1.01712
0.994003
0.992771
0.998785
0.987049
1.01435
0.993811
1.00486
0.986008
1.00857
1.00108
0.997534
0.997819
1.00799
0.976101
1.02707
1.01212
1.00119
0.999054
1.00243
1.01273
1.009
1.01109
0.98249
1.00636
0.995947
0.986472
0.996814
1.01313
0.975964
1.00311
1.01076
0.995994
1.00102
1.01289
1.00743
1.0029
0.990255
1.0091
1.01604
1.01152
0.99815
1.00216
1.01322
0.990232
0.990422
1.00005
0.998416
1.00685
0.998378
1.00268
0.995326
1.00217
0.987037
0.990513
0.991866
1.00543
0.981102
0.999284
1.00211
0.993665
1.01266
0.985062
1.00475
1.00002
0.996841
0.989413
0.994189
1.01438
0.993797
1.01376
0.976853
1.00147
1.00053
0.981049
1.00627
1.01728
1.00786
0.981757
1.00217
1.00975
1.0146
1.00102
0.995621
0.984477
0.981037
0.996396
0.996585
0.992596
0.996152
0.985344
1.00157
1.00708
0.996524
0.98896
1.01522
1.01804
0.998359
0.998958
1.00948
1.00095
0.98611
0.97911
1.01148
0.995105
0.996597
0.974368
0.997061
1.00206
0.994864
1.00652
1.01468
1.00278
0.986588
0.993756
1.00486
1.01368
0.990509
0.981172
1.00488
1.01182
0.993979
0.982886
1.0186
1.0042
1.01048
0.99775
0.994133
1.02089
1.01744
0.987054
1.01187
1.00584
0.996309
0.995863
0.995567
1.0073
0.998136
1.01006
0.992715
1.01664
0.998501
1.00718
0.993976
1.01585
1.01458
1.00224
1.00089
1.02542
1.00621
0.982612
1.00431
0.984348
1.01653
0.996307
1.01515
0.99805
0.998328
0.995034
1.01254
1.01381
0.991978
1.01465
1.00701
1.00761
0.991641
0.97836
0.993657
0.993262
1.00562
1.01106
1.00569
0.992322
0.984682
0.996123
0.986076
0.996101
1.00282
1.00522
1.01373
0.998718
1.00037
0.990508
1.01087
1.01531
0.97055
0.99192
1.00136
0.991611
1.0048
1.00888
1.00583
1.01313
1.02066
0.990796
0.992257
1.01924
0.984006
1.00002
1.00671
1.01331
0.996847
1.00129
1.00579
1.02047
1.00826
0.999666
1.01461
1.01085
1.01851
1.00049
0.999136
0.998937
0.985806
0.998629
0.991987
1.01251
0.988111
1.00485
1.00182
1.03096
1.00386
0.997866
1.00234
0.99503
1.00083
1.02194
1.00252
0.99934
1.01554
1.00451
0.991486
0.993344
0.988542
0.98631
0.988556
1.00403
0.99937
1.01057
0.984942
1.00832
0.997108
0.995041
0.988393
1.00022
0.994015
0.988939
1.0174
1.00213
0.988724
1.00676
0.995115
0.995987
0.985829
1.01675
0.996718
0.996196
1.00657
0.998769
1.00262
1.0112
1.00643
0.996369
0.998845
1.0059
0.986169
1.00995
1.00251
0.994974
0.997378
1.01718
1.01268
1.00295
1.003
1.00379
0.998073
1.01042
1.00889
0.99586
1.00348
1.00172
0.99623
0.988254
0.987325
1.00676
0.988399
0.986002
1.02491
0.99765
1.00534
0.99241
1.01324
0.997617
0.99672
1.00089
1.00339
0.995723
0.98063
0.992888
0.999087
1.00491
0.992755
0.975332
0.990205
1.01882
0.997729
0.995033
1.0052
1.00046
1.00144
1.00157
0.992533
0.991924
0.996486
0.999431
0.991437
0.996152
1.02863
0.998578
0.995887
0.988866
0.983059
1.00932
1.00836
1.0044
0.995824
1.02591
1.01139
1.00509
1.00864
0.990203
1.01578
1.01789
0.999001
0.999634
0.985632
1.00995
1.01663
0.98683
0.997295
1.00362
1.00379
0.980458
0.999749
0.99393
1.00606
0.984301
0.981516
1.00322
0.98266
1.00428
1.01066
0.99114
0.998334
1.01
1.00219
1.00088
0.99143
1.00322
0.993348
1.02469
0.992318
1.00051
1.01274
1.03366
1.01198
0.993654
1.00171
0.994547
1.00064
1.00344
1.01084
1.0027
1.00613
1.00322
0.987108
0.996129
1.00045
0.99048
0.984199
0.992319
0.999306
1.01205
1.00449
0.991354
0.9965
1.01275
1.01171
0.973808
1.00008
1.02861
0.994054
0.988943
0.997386
0.99336
0.993013
1.00657
0.993463
0.992899
0.984003
0.98765
0.978352
0.987103
1.01588
1.00089
0.992196
0.98669
0.980566
1.01428
1.01771
1.00604
0.982861
1.01179
0.998963
1.00531
1.00555
0.997341
1.0041
0.99789
1.0272
1.0058
0.999337
0.996348
0.992408
1.00469
1.00001
0.995384
1.00201
1.01047
1.0088
0.99743
1.01111
1.02101
1.00291
0.999987
0.987605
1.00453
1.00147
1.00904
0.998895
1.01494
1.01549
0.993974
1.00275
1.01625
0.996946
1.00316
0.98116
1.00167
1.00213
1.00651
0.984614
0.989638
0.983609
0.992394
1.03235
1.00608
0.998572
1.0007
1.00352
1.01462
0.987741
0.995296
0.988389
1.00644
0.994993
1.01173
1.00149
0.989308
0.990847
0.997725
1.0023
0.988512
1.01741
1.00228
0.984419
1.00315
1.00368
0.994292
0.986792
0.996618
1.01119
0.995851
0.996503
1.00074
1.01435
1.00215
0.981149
1.00849
0.99397
0.994383
0.994508
1.00125
1.00191
1.0126
1.00745
0.996475
0.995359
1.00889
1.00443
1.01243
1.01956
0.998549
1.00274
1.00785
1.00586
1.00837
1.00185
1.00161
1.0107
0.976232
1.00119
1.00661
1.00337
0.999853
0.998002
1.02091
0.995563
0.986243
1.01007
0.975452
1.02887
0.981052
0.982925
1.0037
1.0122
0.996996
1.00319
1.00575
1.01888
0.996139
0.991394
0.996048
1.01063
0.999293
1.01055
1.0003
0.981508
1.00996
0.998252
1.01815
0.98929
1.01369
1.00189
0.985875
1.00348
1.01064
0.991427
0.999608
1.00112
1
0.99157
1.02015
0.993195
0.976557
0.993551
0.991443
0.999077
0.990636
1.00776
1.00671
1.00815
0.994909
0.99987
1.00479
0.992977
0.989703
1.00826
1.00917
0.975743
0.993153
0.998154
0.99212
0.996937
1.01735
1.00774
1.00327
1.01314
1.0128
0.993715
1.00995
1.01107
1.00048
1.00723
1.00495
0.984573
0.996471
1.01222
1.00366
1.00467
1.00758
0.992647
1.00947
0.994052
1.00439
1.00948
0.992724
1.0023
1.01772
1.0081
0.998228
1.01513
1.00218
1.00259
1.01708
0.99519
1.0071
0.993954
0.998658
0.984101
1.00182
1.00081
1.00604
1.02266
1.00575
0.99039
1.00965
0.987438
0.978554
0.992944
1.00135
1.00166
0.9926
0.998165
0.988362
1.00834
1.01805
1.00072
0.99785
1.01056
0.997366
1.01166
1.00727
0.979227
0.973817
1.03519
1.01839
0.995061
1.00119
0.993934
1.01933
1.00189
1.01026
1.00667
0.992257
1.00767
0.993724
0.994644
1.01204
1.01459
1.01074
1.00558
0.984711
0.993803
1.00369
0.999093
0.983843
0.987965
0.998337
1.01388
1.00278
0.99515
0.989208
1.00535
0.979506
0.99931
1.00828
1.00806
0.999267
0.993629
1.0016
0.996176
1.01017
1.01189
0.984697
0.994625
1.00362
0.992052
1.00309
0.997981
0.985012
1.00637
1.02194
0.98125
1.0048
0.985111
0.979808
1.0119
0.998801
0.997289
0.999031
1.00506
0.98
0.991927
0.999377
1.00147
1.0035
1.00256
0.971177
0.993573
0.991889
0.992473
1.0255
1.01409
1.00071
0.99859
1.0117
1.00416
0.991438
0.987682
0.994799
0.974669
0.999102
0.9963
0.978759
0.997193
1.00292
0.997405
0.984204
1.00082
0.992571
1.00092
1.00345
0.998977
0.99368
1.00465
1.00535
0.979393
1.0184
1.0057
1.00721
0.994264
1.0192
0.997105
1.0064
0.989831
0.991088
1.00073
1.00519
0.999962
0.983626
0.998267
0.994056
0.982212
1.01918
0.99999
1.00957
0.999058
1.00701
1.02346
1.00287
0.983487
1.01239
0.994104
1.00873
1.00291
0.98495
0.991145
1.0184
0.995702
1.00818
1.01423
1.00395
1.00416
1.0078
1.00003
1.00926
0.997527
1.00758
1.01503
1.01634
0.991041
1.00493
1.00319
0.994744
0.99534
0.994393
0.995089
0.985732
1.01943
0.990558
1.01744
0.9938
1.00309
1.00694
1.01659
0.996786
0.992176
0.995322
1.01341
0.990207
1.01434
0.997802
0.998216
0.994551
1.00041
1.00293
0.996497
1.00283
1.0128
1.01039
1.01703
1.00955
1.0063
1.02279
0.978987
0.993223
1.00046
0.985988
0.992511
0.997331
0.994882
0.99206
1.01166
1.00644
0.982643
0.995855
1.00837
0.999145
1.00396
0.984723
0.998069
1.00079
1.002
0.999269
0.991058
1.00655
1.00128
1.00469
1.01032
1.00615
0.991687
1.00487
0.978808
1.0216
0.986755
1.01625
0.992649
0.994272
1.01501
1.00453
1.01965
0.997773
0.990691
0.986893
0.993414
0.999926
0.991033
0.999971
0.987895
1.02262
1.01168
1.00831
0.996587
1.0072
0.978602
1.00275
1.00406
0.996151
1.00571
0.976524
1.01618
0.980265
0.992861
0.986666
0.995493
0.994582
0.992204
0.998262
0.987315
0.999029
1.00323
1.00706
0.974759
1.00318
1.00974
1.00325
0.991342
1.00419
1.02158
0.98732
0.987814
1.00709
0.993332
0.994634
1.01159
0.977764
0.984395
1.00098
1.00542
0.990796
0.996132
1.01291
1.00035
0.998756
0.991861
1.00227
1.00751
1.0052
0.993372
0.980867
1.00082
1.00539
1.00592
1.01044
0.989328
0.993837
0.990433
1.00604
0.990213
1.00236
1.0106
0.977621
0.992452
1.00096
1.00631
0.989081
1.00662
0.988593
0.987875
1.00353
0.996105
1.00675
1.00576
0.998974
1.02147
1.00618
0.975076
0.986848
0.994254
1.0188
0.994084
0.996857
1.00988
0.982125
0.988695
1.01068
0.994214
1.00164
0.999958
0.989648
1.00167
1.00266
1.00232
0.998196
0.999163
0.991946
0.993678
0.985563
1.00919
1.01112
1.0007
0.994703
1.01457
1.00651
0.994549
1.00201
1.01974
1.01657
0.98539
1.01142
0.982586
0.990531
1.00932
1.01275
0.988168
0.981662
1.01387
1.00401
0.994168
0.995918
0.998176
0.989194
0.995532
1.00979
1.00624
0.992583
1.00489
1.00201
1.01488
1.00487
0.979993
1.00538
0.990592
0.998858
1.00678
1.00726
0.991264
0.996194
1.00528
1.00157
0.997629
0.993716
1.00606
1.00563
0.991567
1.02137
0.998436
0.99499
1.00228
1.00911
0.999953
1.01166
0.996566
0.977929
0.992689
1.00785
1.00779
0.991552
1.00786
1.00874
1.0134
1.01292
1.0107
0.979866
1.00852
0.993596
1.00109
1.02118
0.983559
0.972951
1.01646
0.998807
1.01018
0.993875
1.00983
0.986903
0.995445
0.998336
1.01744
1.00228
1.00018
1.00583
0.999204
1.00862
1.00717
0.988225
1.01072
1.0029
1.00413
0.994826
0.987596
1.00954
1.01109
1.00469
1.00796
1.02038
0.995548
1.00383
1.01862
0.983578
1.03326
1.00432
1.00966
1.00767
1.0274
1.00917
1.02317
0.996405
0.979011
0.991767
1.00954
1.00448
0.989667
0.995477
1.01177
1.01648
0.987243
0.998433
1.00845
0.979632
0.99768
1.00378
1.00269
1.01055
0.982684
1.01732
0.997467
0.965037
0.998312
0.998013
0.994614
1.01064
1.00048
0.998759
0.990555
0.991234
0.995223
0.997643
1.01754
1.02141
1.00686
1.00837
1.00372
1.00685
1.00272
0.99861
1.00141
0.982621
1.01295
1.00277
0.999859
1.00034
1.00994
1.00192
1.00448
0.985031
1.00433
0.979711
1.00072
0.998403
1.02441
1.00668
1.01232
0.979127
0.994492
0.99319
0.982445
0.996465
1.00439
0.984748
1.01
1.01544
0.995591
1.00546
0.991695
0.999164
0.999231
1.02764
0.975821
1.01267
1.00547
0.989812
0.991033
0.977976
1.00321
0.999301
0.998997
1.00441
1.00075
0.991449
1.01259
1.00267
0.978575
0.984323
1.00613
0.999856
0.999821
0.999586
1.00511
1.00465
1.02285
0.984492
1.00172
1.0145
1.0037
0.989932
1.0021
0.989027
1.00431
0.994684
1.00059
1.00289
0.968362
1.00198
1.01414
0.984284
1.01238
0.997512
0.96685
0.986545
1.00428
0.983461
1.00528
0.997455
0.998588
0.989783
0.993206
0.993958
1.00449
0.989773
1.0227
1.00086
1.00302
1.00604
1.00344
1.00148
1.01162
1.00185
0.982631
0.996909
1.00903
1.02234
1.01516
1.00058
0.990795
1.00078
1.00629
1.0058
1.01452
1.01029
0.973759
1.00935
0.999632
0.99675
1.00585
1.00501
0.981057
1.01767
1.00789
1.01288
1.02139
0.999005
1.00821
1.00274
0.990666
1.00464
1.0124
0.995291
0.996526
1.00703
0.995968
1.00508
1.00419
1.00915
0.9829
0.996986
0.980269
0.998772
1.00347
1.00351
0.983716
0.985149
0.994835
0.987319
0.993801
1.00088
1.01694
1.0055
1.01878
0.994515
1.01072
0.986211
0.989917
1.01457
0.996735
0.988171
0.985774
0.98862
0.993258
1.00784
0.998066
0.998687
1.00969
0.981499
0.998246
1.02392
0.98874
0.99994
1.00294
0.999971
1.01401
0.985067
1.00444
0.984382
0.995227
0.9734
0.999845
0.99508
0.978648
0.998821
0.992305
0.993669
0.994902
1.00579
0.989303
1.01049
0.992753
1.00185
1.00454
0.989367
1.01035
0.988634
0.989914
0.978302
1.02031
0.990949
1.01602
1.00896
1.00345
1.00549
1.00655
1.01038
1.01246
1.00014
1.00288
1.01671
0.991996
0.998317
0.994515
1.00301
1.00767
1.01326
0.995686
1.00372
1.0016
1.00086
1.00088
1.01388
0.975004
1.00531
1.00958
0.995114
1.01147
1.00162
0.984346
1.00566
0.984172
1.00918
1.02249
1.00062
0.988388
0.992296
0.985693
1.00629
0.997803
1.01703
0.996657
0.994096
0.989143
1.015
0.976719
0.971726
1.00404
0.994879
0.984795
1.01949
1.00269
1.00194
0.980172
0.988793
1.0017
0.993891
1.0054
0.991917
0.988633
0.998677
0.995231
0.998035
1.01045
1.00816
0.999147
1.01058
0.999153
0.994324
0.996602
0.990226
1.00401
0.99722
0.995988
1.01787
0.985882
1.00828
0.98504
1.00565
1.02362
1.01051
0.991247
1.00239
0.998515
1.00305
0.999138
0.988076
1.0176
1.00011
1.01971
1.0162
0.9961
0.993053
0.980122
1.00054
1.01202
0.989522
1.00295
0.99067
1.02241
1.008
0.999549
1.00473
1.00623
0.998962
1.00292
0.998775
1.00279
0.991839
1.0074
0.996109
1.00671
0.999443
0.99633
0.991095
0.992258
1.00857
1.00049
0.993497
1.01059
1.00344
0.993249
1.0046
0.994712
1.02163
0.997375
0.99809
1.018
0.994391
0.994365
0.989453
0.989719
1.00507
1.0058
0.993951
1.01146
1.00298
1.01592
0.989813
0.984082
1.00879
1.00497
0.984347
0.988722
0.982226
0.991478
0.991084
1.00124
0.98536
1.00047
0.993627
1.00273
0.994341
1.00063
0.994849
1.00319
0.99477
0.99282
1.01408
0.991511
0.994508
1.00128
1.0141
1.00757
1.00537
0.994803
0.991242
1.00062
1.00571
0.989804
0.991408
1.0026
0.998389
1.00704
1.00556
0.995394
1.00166
1.00292
1.00983
0.983984
0.987661
1.00921
0.986554
1.00579
0.987274
1.00769
1.01025
1.01516
1.01898
0.976923
1.0197
0.996804
0.986712
1.00978
0.99679
1.00797
1.00386
1.00002
0.997234
1.01425
0.985861
1.00361
0.991863
0.99171
1.00412
1.01179
1.01052
1.01494
1.00394
0.989641
1.00989
1.00694
0.981259
1.00404
1.00548
1.00344
1.00006
1.00722
1.01895
1.00819
1.0051
0.993269
0.992399
0.983024
0.996786
0.999734
1.00106
1.00271
0.991279
1.00251
0.995437
1.00026
0.99684
0.999165
0.98351
1.00788
1.00956
0.98913
0.993856
0.998781
0.989539
1.00937
0.979855
0.989457
0.987445
1.00053
1.00321
1.02612
0.98868
0.999364
0.997271
0.976323
0.997941
0.995851
0.993828
1.00193
0.984376
1.00777
1.01567
0.971788
0.99292
1.01529
1.01005
0.984802
1.01525
0.999652
1.00707
1.02115
0.991543
1.01644
1.00881
1.01166
0.999627
0.990043
1.00073
0.998164
1.00097
0.992918
1.00175
1.00539
1.0061
0.993367
1.01261
1.02101
0.991739
0.998916
0.979169
0.994449
0.983982
0.996289
0.987764
1.01933
1.01567
