0.990415
1.01978
0.998804
0.986714
1.01065
1.00226
0.992142
1.003
0.99609
1.00028
0.986467
0.990168
0.977091
0.988441
1.02323
0.988934
0.986714
0.998557
0.993129
1.0141
0.983506
1.01139
0.984246
1.01534
1.00226
0.99609
0.999051
1.00645
0.997324
0.999544
0.999791
1.03211
1.02841
0.998804
0.991155
0.997324
1.00053
1.00448
0.999297
1.00645
1.00028
0.99535
1.01534
0.996583
0.990908
0.971909
0.987454
1.00127
0.987207
1.00325
1.00349
1.01237
0.990908
0.988688
1.00078
1.00102
1.00497
1.00917
1.00004
1.00176
1.00349
0.988688
0.98622
0.983506
1.00547
0.97487
1.00473
1.00423
1.02496
1.01188
0.980052
1.00448
0.982272
0.981779
0.997324
0.965001
1.0146
1.00719
1.00078
0.997077
1.01805
1.00522
1.01237
0.981039
0.996583
0.981285
0.990662
0.999297
1.02323
1.01163
1.0146
0.987207
0.996337
1.00621
0.99757
0.981285
1.00843
1.02496
1.01731
1.00251
1.01089
0.99535
0.967468
1.00818
1.01509
1.00127
1.02841
1.00399
0.994116
1.01188
0.998557
1.01583
0.998064
1.00719
1.00349
1.01311
0.995103
0.99683
0.992635
1.00818
0.980298
1.01805
0.994116
1.00251
1.00596
0.995103
0.987701
0.992635
1.00892
0.995596
1.00645
0.996337
1.03557
0.989921
1.0067
1.00275
1.00028
0.982519
0.991402
1.0104
0.994609
0.994363
1.01682
0.996583
1.03187
1.00053
1.00793
0.98622
0.992142
1.00004
1.01336
0.990908
1.01386
1.01114
0.98474
1.00497
1.02175
0.992635
0.994856
0.989181
1.00374
0.987947
0.997077
1.01534
1.00818
0.994116
0.996337
1.00843
0.975364
0.993129
0.996583
0.988194
0.982519
1.02052
0.982272
1.003
1.00867
1.00941
1.00399
0.988441
1.02052
1.00078
1.00571
0.986714
0.999791
1.0141
1.01435
1.02348
0.999297
1.0183
0.997077
0.98696
0.988441
0.991895
0.998557
1.01608
0.985233
0.994363
1.01682
0.991895
0.99757
1.00226
0.998064
0.992389
1.00596
1.00793
1.00645
0.990168
1.00571
1.01361
1.00251
0.994856
0.994116
0.997324
0.991895
0.971663
0.989181
1.00843
1.00793
1.003
1.00744
1.00399
0.987454
1.00028
0.972896
0.980052
1.02989
1.003
0.998064
0.998804
0.995103
0.993869
1.00547
0.987701
1.01928
0.99757
0.995843
0.984493
0.985727
1.01583
1.00176
1.00374
0.989921
0.990168
0.994116
0.998557
1.00769
0.991155
0.999297
1.0067
0.977091
1.00226
0.990168
1.022
0.988688
0.994116
1.01731
1.00818
1.02101
0.982026
0.981532
1.00349
0.992635
0.999051
1.00892
0.991155
1.00004
0.990908
0.997324
1.00522
0.967221
0.988688
0.988688
1.00004
1.00152
1.00078
0.995596
1.00325
1.00818
0.991402
1.00522
1.00004
1.00176
1.02076
1.01237
0.997324
1.00374
0.999297
0.987207
1.00251
1.00201
1.00374
1.00423
0.991402
1.00547
1.00176
0.986714
1.00374
1.00966
0.986714
1.01188
1.00793
1.00226
1.02792
0.990662
1.00226
0.994856
1.01361
0.994363
1.00004
0.993869
1.00596
0.995596
1.01262
0.992389
0.985973
1.00917
1.003
0.989921
1.00793
1.00695
0.994609
0.981285
1.00621
1.02101
1.00226
1.00004
1.03335
0.981285
0.994363
0.989921
1.02249
1.00127
0.992635
0.993869
1.00004
1.00226
0.994856
1.00892
1.00152
0.975857
0.981285
1.00102
0.983506
0.992389
0.998064
0.994609
1.00226
1.01336
1.01731
0.980298
0.997324
1.01089
1.00275
0.991155
1.00695
0.987947
1.00892
0.986714
1.01015
1.00621
0.993129
1.00571
0.978325
1.01213
1.01237
1.00843
1.00201
1.00349
1.00719
0.983259
0.999297
1.02126
1.0183
0.978325
0.994856
1.00028
0.996583
1.01139
1.00374
0.99535
1.02989
1.00152
0.984
0.989921
1.00843
0.986714
1.00251
0.988441
0.985233
0.982519
0.991649
0.971169
0.974623
1.00596
0.999544
1.01287
0.997324
1.00349
0.988194
0.997817
1.00053
1.00078
0.978078
0.99609
1.00645
0.982272
1.00275
1.00719
1.03507
1.00152
0.997077
1.00423
0.989675
0.991155
0.99683
1.01114
1.0104
0.999791
0.998064
0.992635
1.00645
1.00571
1.01682
1.00448
0.989428
0.988441
0.991895
0.979558
0.995596
0.982766
1.02397
0.983753
1.01756
1.0067
1.01361
0.994609
1.0104
1.00176
0.991155
1.00102
1.00374
1.00251
1.00695
1.00867
0.996337
1.00374
0.988194
1.00917
1.00719
0.987947
0.998557
1.01213
0.983013
1.00226
0.99831
1.00053
1.00275
0.997077
1.0067
0.982519
1.00325
0.993622
0.983506
1.00152
0.981285
0.995843
0.987207
0.987454
1.02348
1.01435
0.998064
1.00374
0.977091
0.990415
0.993376
1.00127
1.01706
0.993129
0.995843
0.978818
0.994363
1.00399
0.980298
1.00645
0.995843
1.00399
0.98548
1.01114
0.991155
1.01731
0.983753
0.989428
1.00078
1.00744
1.01386
1.01682
0.977831
1.00004
1.00028
1.00843
0.994856
1.00127
0.988194
0.98548
1.01632
1.01287
0.982766
1.00275
0.984987
0.988934
0.99757
0.992882
0.99831
0.991402
0.997077
0.992635
0.974377
1.01435
0.991155
1.00991
1.0178
1.00152
0.986467
1.01682
1.00547
0.971663
1.00028
0.998804
0.991649
1.00028
0.999297
1.00078
0.986467
1.02521
1.00547
0.994363
1.00571
1.00645
0.988688
0.98696
1.00448
1.0146
1.03754
0.99609
0.983259
0.993129
1.00473
1.01015
1.00522
1.01706
1.00004
1.00695
0.994856
1.00127
0.998064
1.00275
1.01015
0.989181
0.991649
0.994116
0.990662
0.989675
1.00028
1.00399
1.00473
1.01632
1.02693
1.00621
1.00596
1.00892
1.00251
1.00547
1.00991
1.01682
1.00152
1.01089
0.995596
0.995843
0.994363
0.976844
1.00399
1.00571
1.003
0.992142
1.00966
1.00719
0.988194
0.997077
0.992635
1.01509
0.99831
1.00399
1.01583
1.01311
0.99609
1.003
1.00448
1.01311
1.01953
0.99683
1.00374
1.00152
0.999791
0.990168
1.00078
0.991155
1.00547
1.00744
0.996337
0.989675
1.00966
0.964507
0.990662
0.993622
1.02915
0.999544
1.00571
0.997817
0.980792
0.997324
0.994116
0.991649
1.00621
0.993376
1.00374
1.00078
1.01386
1.00843
1.00448
0.991402
1.00991
0.992389
1.0146
1.01015
1.01237
1.00645
1.00399
0.985233
1.0146
1.01163
1.00201
1.00719
1.02743
1.00497
0.992882
0.97487
0.999544
1.01583
1.01978
0.97413
1.01534
1.00226
0.994609
0.999791
0.978078
1.0104
0.99609
1.01534
1.00226
0.99609
1.00028
1.01509
0.999544
0.992389
1.01163
0.988934
0.994363
0.997817
0.991649
0.984
0.989428
0.998064
1.01904
1.01706
1.01139
1.00349
1.00991
0.983753
0.98474
0.982272
0.985233
0.999051
0.97265
1.00275
0.995596
0.998064
1.00818
0.993129
0.993869
1.022
1.01089
0.990908
0.985973
0.995103
1.00793
1.00645
0.995843
0.989675
1.0067
0.985973
0.994116
1.01805
0.998804
0.986467
1.00917
0.992389
0.985973
1.01706
0.999051
0.997077
1.01015
0.980792
0.999297
0.989181
1.00917
1.01089
0.978325
0.988441
0.991649
1.00201
1.00399
0.999297
0.994363
1.00399
1.00028
0.987947
1.01287
0.982519
1.01163
0.988441
1.00522
1.01904
1.00695
1.00004
1.01534
0.999791
1.003
1.00078
0.991649
0.978571
0.993129
1.03014
1.01484
0.98474
0.987207
1.01163
0.990415
0.995103
0.994856
0.988441
1.00102
1.00695
1.00152
1.01311
0.989428
0.996337
0.997817
0.997324
1.00448
1.01262
0.98622
0.994116
1.01311
0.988688
0.994609
0.971416
1.01484
1.03039
1.01756
1.02644
1.00966
0.994363
0.994116
1.00769
0.999051
0.977338
1.01731
0.997077
1.00004
0.99831
0.999297
1.01361
0.97561
1.00448
0.984493
0.995843
0.998804
1.01879
0.995103
1.02274
1.01065
0.991649
1.00941
1.01188
1.00843
0.979311
0.988688
1.00917
1.00941
1.00325
1.0104
1.00201
0.995103
1.00522
0.995596
0.98696
0.999051
0.997817
1.00423
0.997077
0.996583
1.00448
0.995843
1.00695
1.00226
1.00078
0.999544
0.987454
1.00201
1.00448
1.00621
1.00892
0.979065
1.00522
0.993376
1.01682
0.987207
0.994856
1.01237
1.0067
1.0104
1.00102
0.999297
0.98548
1.00251
0.996337
1.00596
1.00251
0.997077
0.999297
0.996583
0.986467
1.00127
1.00078
1.03162
1.02595
1.01509
1.02298
1.01262
0.999051
0.997077
0.99535
0.974377
0.993376
1.01706
1.00423
1.0067
0.997077
1.01509
0.99609
0.993376
1.01237
0.991895
0.990168
1.01558
1.01953
0.993622
1.00078
0.98696
0.982026
1.00053
1.00078
0.998064
0.99757
1.01978
0.992635
1.00201
1.00818
1.01953
0.992882
1.00152
1.00892
1.00991
0.991402
1.00547
0.97413
0.993869
1.01336
1.00226
0.98548
1.00769
1.00399
1.00399
0.994856
1.01706
0.993869
0.981532
0.983013
1.01089
0.982519
0.985727
0.990168
1.00053
0.98696
1.00719
1.00152
0.986714
1.00028
1.00522
1.00547
0.997077
0.99535
1.00695
1.00473
1.02126
0.991155
1.00966
1.00917
0.976597
1.00176
0.99831
1.00325
1.01558
0.993622
0.97339
1.01756
1.0146
1.00399
1.01237
1.00522
0.987454
0.995103
0.99609
0.988934
1.00522
0.999791
1.0067
1.00152
0.994363
0.988194
1.00127
1.00547
1.02101
0.987454
1.00028
0.990908
0.990168
1.01928
0.99831
1.0183
1.00793
0.99535
1.02372
0.999544
0.985727
0.997077
0.989428
1.00941
1.01558
0.987454
0.981532
0.986714
1.00793
0.984
0.993129
0.99757
0.989675
0.960559
0.997817
1.00399
0.990662
1.0183
1.00793
0.987947
0.987701
0.995596
1.00941
1.003
0.995843
1.01139
1.01386
1.0141
1.01015
0.983753
1.00028
0.991402
1.00571
1.01114
1.0146
0.996583
0.987454
1.00571
1.01706
0.982519
0.991155
0.994856
1.00374
0.987207
1.01287
0.983013
1.00571
0.997324
1.00201
0.997817
1.00275
0.999544
1.003
0.988688
0.997077
1.00078
1.00152
1.0146
0.990662
0.985973
1.00053
0.988688
0.991649
0.989675
1.01879
0.993376
1.00966
1.00547
0.998557
1.00522
1.01978
0.990908
1.0183
1.00522
1.01188
0.995843
0.976597
1.003
1.01287
0.997817
1.00621
0.996583
1.00818
0.987207
0.973883
1.01608
0.994856
0.982519
1.00053
0.981285
0.99609
1.00201
0.998557
0.976844
0.988934
1.01065
1.00843
0.987701
0.992882
0.992142
1.02076
1.00152
1.01089
0.995103
1.00176
0.981039
0.978325
1.01089
1.00596
1.00152
1.00423
0.997077
1.022
0.994609
1.00028
0.999297
0.99757
0.993129
1.00769
1.00867
1.01879
1.00966
0.993129
1.01608
0.994363
1.00695
0.96426
0.983259
0.973883
1.00078
1.00028
0.990415
0.997077
1.00941
0.989181
0.953897
1.02002
1.01065
0.991155
1.02076
1.00744
1.01632
0.999051
0.999051
0.995596
0.984
0.99609
1.01608
0.999297
0.986467
0.999051
0.99831
1.00176
0.986467
0.991895
0.987207
0.97561
1.00349
1.02101
1.00423
1.00547
0.997324
0.991895
0.999791
1.01213
0.987454
0.993129
1.01879
0.997077
0.984493
1.00028
1.03285
0.989428
1.02767
0.988934
1.00078
0.99757
1.0178
0.999544
1.00201
0.996337
1.00744
1.00102
1.0215
0.996583
1.00152
0.992635
1.01262
1.01361
1.02101
1.0183
0.998557
1.00226
1.01953
0.998804
1.00349
1.00028
1.01534
0.990168
1.01015
0.995596
1.01608
0.997077
0.99683
1.01139
1.01237
0.984246
0.99831
1.00251
0.98622
0.99535
0.99535
0.987207
1.00448
0.989181
1.00226
1.00325
1.00621
1.0141
0.980298
1.03236
0.990168
1.01139
0.983259
1.00571
1.01213
1.02446
1.00078
0.993376
1.00793
1.00152
0.995843
1.00325
1.01435
1.01139
1.01262
0.995596
0.986467
1.0257
0.999297
0.980545
1.003
1.01163
0.989428
1.00473
0.99757
1.00991
0.995596
0.994609
0.987207
0.995103
1.02052
0.983259
0.973883
1.01089
0.980545
1.0067
1.01114
1.0141
0.98696
1.01311
1.00226
0.982519
1.00769
1.00004
1.00028
1.003
1.00275
0.999791
0.999051
0.976597
0.995843
1.00176
1.01015
1.01089
1.01163
1.00473
0.993376
1.00152
1.00349
0.986714
0.993869
1.01262
0.993129
1.00102
0.984246
1.01262
0.987947
1.01015
0.998064
0.994856
1.00719
1.01311
1.00571
1.00892
0.995596
0.993129
0.988194
0.992882
1.00201
1.00645
0.995103
0.990415
1.03137
0.994856
1.01608
0.992635
1.00226
1.00325
1.00152
1.00497
0.991895
1.02126
1.00423
0.998804
0.99609
0.997324
0.992882
0.99831
1.00349
0.987207
0.993622
0.984987
1.01287
1.00325
0.999544
1.00004
0.994363
1.00102
0.977338
0.986714
0.987701
1.01015
0.99683
0.998557
0.999297
1.01188
1.01114
1.0067
0.982026
1.02422
1.02915
1.00053
0.993869
1.01213
1.00793
0.991402
1.00695
0.991895
1.02076
0.969195
0.991155
1.00941
1.00226
0.984987
1.01386
1.00251
0.993376
1.00917
0.994116
0.994116
1.01854
0.992882
1.00645
0.986714
0.990415
0.988934
0.973636
0.991155
1.00127
0.987701
0.990168
0.99535
0.999297
1.01237
1.00547
1.00399
1.01361
0.979805
1.02027
0.979311
1.00522
1.003
1.00201
0.983753
0.988441
1.00966
0.984
1.00497
0.998557
1.00497
1.01435
0.994609
0.995596
1.0183
1.00744
0.973143
1.00867
0.998804
1.02372
0.996337
0.983259
1.00522
1.00744
1.00004
0.999297
0.980298
0.992142
1.00226
1.01534
0.966728
1.01361
1.00028
1.00399
1.00201
1.00793
0.983013
1.00892
0.987454
0.991402
1.00917
0.985973
1.00695
0.99831
1.01682
1.00374
1.00497
1.01978
0.986467
0.985233
0.999544
0.999051
0.999051
1.01706
0.984
0.993376
1.00275
0.992882
1.00596
0.98696
1.00843
1.00275
1.01237
1.00226
1.01386
1.01139
1.00251
1.01065
0.99683
1.00941
1.01139
0.999791
1.0146
0.993622
0.988688
1.00867
1.00053
0.982272
0.985727
1.00102
1.00078
1.00201
0.97487
1.01904
0.98474
0.981285
1.01386
0.993622
1.022
0.993869
1.00349
1.00275
1.01608
1.00719
1.00275
0.985233
1.00004
0.992882
0.979065
0.997324
1.00793
0.982519
0.983753
0.991895
0.989428
1.01237
0.987947
1.00423
1.01904
1.00028
0.984987
1.01706
1.00423
0.984
1.01311
1.02101
0.98622
0.98548
1.01731
1.00793
1.00941
0.988194
0.99757
1.00818
0.984493
1.00251
0.987947
1.00251
0.994363
0.989428
0.996337
0.995843
1.00473
1.00423
0.996583
1.00275
0.987454
1.00448
1.00053
1.00793
0.984493
1.02175
0.993376
0.995843
1.00176
0.986467
0.992882
1.00719
1.00991
1.00102
1.00102
1.00769
0.997817
0.980298
1.02274
0.991895
1.02298
1.00473
1.00473
1.0104
1.00251
1.01435
1.00152
1.01065
1.01534
1.00991
0.984493
1.01114
0.99683
0.995596
1.01706
0.987207
0.99535
1.00399
1.01287
0.999791
0.99609
1.00917
0.99609
0.999297
0.97487
1.01262
1.00004
0.986714
0.992142
0.995596
1.02298
0.980792
1.00374
0.986714
1.0067
1.01583
1.01139
1.00695
0.993622
0.993869
1.01509
1.02101
1.00818
0.999791
1.00892
1.01805
1.02274
0.995103
1.00349
0.990908
1.00152
0.989675
0.992389
1.00719
0.999297
0.992882
0.99757
1.00621
1.00645
0.973143
1.0146
0.990415
1.01608
0.98474
1.01311
1.0146
0.992635
0.999297
1.00004
0.989675
1.01361
1.00423
0.997817
0.967715
0.988688
0.980545
1.00127
1.00547
0.997077
1.00695
0.979558
1.01163
0.992142
1.02002
0.982272
0.984493
1.00423
0.99609
1.00473
0.985233
1.01731
1.00744
1.01904
1.01756
0.989428
0.97413
0.99757
1.00991
1.00127
1.00226
0.972896
0.996337
0.977091
0.998804
0.982026
0.99757
0.993622
1.00621
1.00843
1.00843
0.979558
1.0146
1.00547
1.00645
1.01706
1.00621
1.01509
1.00645
0.992882
0.999051
1.00818
1.00695
0.975857
0.99683
0.999791
1.01706
0.984987
1.00275
1.00078
1.00473
0.99757
1.01065
1.00571
1.00497
1.00004
0.988441
0.996337
0.997817
1.00004
0.983506
0.998557
1.00793
0.994609
0.998064
0.992389
0.982519
0.998557
0.992389
0.969935
1.01386
1.01928
1.01682
1.00325
0.994363
1.02669
1.00473
1.00102
0.996337
0.989921
0.983506
0.988934
1.00325
1.01065
0.983259
0.979311
0.99609
0.992142
1.00719
1.00325
1.01114
0.988688
0.990908
0.998557
1.00152
1.00226
0.989428
0.995843
0.976597
0.985727
1.01484
1.01139
1.0146
1.01484
1.00867
0.986467
1.03409
1.00399
0.994856
0.971909
0.99757
0.97339
0.977338
0.999297
0.992142
0.983013
1.00349
1.01311
0.988441
1.02323
0.990415
1.00275
0.987207
0.980545
1.00325
1.00892
1.01435
0.98548
1.00571
1.00991
0.984
1.0141
1.00448
0.997077
1.0141
1.00571
0.992389
0.986714
1.0146
0.994116
0.986714
0.98696
0.998064
1.00325
0.994609
1.00769
1.00843
1.00399
0.995596
1.01089
0.98548
0.992142
0.986467
1.00226
1.00152
1.01608
0.992389
0.981039
1.01262
1.00004
0.98696
0.999297
0.975857
0.985973
1.00226
0.998557
1.02866
0.976104
1.00004
0.989921
1.00769
1.01854
0.999791
1.00941
1.00497
0.992882
1.02446
0.984
0.971169
0.988194
0.991402
0.99609
0.992142
0.991155
1.01311
0.981285
0.997324
0.970922
0.995596
1.01879
0.99535
1.00004
0.981532
0.99609
0.971416
0.975364
0.987207
0.990662
0.995596
1.01287
0.994363
1.00645
1.00053
1.00325
0.99535
0.999791
0.994609
1.01879
0.992389
1.00251
0.984987
0.987207
1.02792
1.01065
1.02076
1.00349
0.996583
0.994856
1.00522
0.992635
1.00176
1.01237
0.993129
1.00325
1.00497
0.993869
1.00473
1.00941
1.00176
1.00152
1.0178
1.01435
0.988934
0.998557
0.995843
1.00251
0.997077
1.00423
1.00596
0.99683
1.01139
0.985233
1.00473
0.991895
0.998064
1.00053
1.0067
1.00127
0.993869
0.983259
0.980052
0.999297
1.00621
1.00917
1.00423
1.00571
0.996337
0.982026
1.02052
0.981285
0.980545
0.988194
1.02965
1.01262
1.03458
0.990168
1.01287
0.992142
1.00892
0.994609
0.982766
1.01188
0.999051
0.995596
0.994116
1.00127
1.01089
1.00251
0.979558
0.997077
0.971663
1.00941
1.01386
0.977091
0.998557
1.00744
1.00399
1.01262
1.01509
0.99609
1.00966
1.00374
0.994363
0.996583
0.998557
1.02619
0.997324
1.00719
1.00571
1.0067
0.980052
1.00349
0.984493
0.984246
0.988194
0.999791
0.978571
1.01311
1.00473
0.990415
1.02101
0.980792
0.991895
1.01089
0.992142
1.00078
0.98548
1.00497
0.98474
1.00547
1.0104
1.03162
1.00917
0.989675
0.992882
0.979311
0.985233
1.0146
1.02372
0.984246
1.01632
1.003
0.996337
0.98474
0.989181
1.00818
1.01015
0.990168
1.00571
0.981285
0.997077
