1.00641
0.995235
0.993712
0.999355
0.995737
0.992419
1.0089
0.991616
1.00082
0.996338
0.997203
1.00513
1.00711
0.996799
0.993722
1.01029
1.00641
1.00449
1.00061
1.00478
1.00137
1.00503
1.00265
0.996525
0.997726
0.997956
1.0066
0.997523
1.0005
1.00459
1.00174
0.991038
0.997048
0.992116
1.00196
1.00408
0.989835
0.983863
0.996171
1.00564
1.0082
1.00095
0.999992
0.998853
1.00721
1.00417
1.01281
1.00537
0.990361
1.00127
1.00248
0.993662
0.99955
1.00615
0.999638
1.00962
0.998903
0.990495
1.00156
0.998873
0.992907
1.00023
1.0048
1.01573
0.99934
1.01386
0.997537
0.991731
0.989305
0.996538
0.997157
1.0011
1.01175
1.00994
1.01657
1.00372
0.988558
0.998853
1.00133
0.994418
0.995435
0.99331
0.99294
1.00838
0.994655
1.00386
1.00666
0.996291
0.988317
0.981618
0.990896
1.0065
0.999329
1.00216
0.995572
1.00324
1.0081
0.994312
0.97955
1.00016
1.00496
1.00295
1.01438
0.999769
0.997113
0.991187
1.00281
1.00174
1.00887
1.00608
1.00059
1.00245
0.998621
1.00618
0.990302
1.009
0.994955
1.00616
0.998983
0.985281
1.00916
0.99792
1.00146
0.990487
0.998505
1.00086
0.995675
1.00422
0.999673
0.995699
0.996577
0.995383
0.98548
1.00558
0.996506
0.995354
0.993385
0.996772
1.00892
0.995433
0.994081
1.00341
0.987288
1.01213
0.987691
0.998624
1.00077
1.00393
1.01858
0.997986
0.988079
0.98944
0.994558
0.993688
1.01219
0.997222
0.993079
1.00572
1.0181
1.01058
0.989421
1.01781
0.995319
0.988562
1.00755
1.00076
1.00667
1.00157
1.01561
1.02066
1.00278
0.999744
1.01034
1.00836
1.01062
1.00299
1.00312
1.01417
1.0008
1.00458
0.999513
1.00097
0.993391
1.01226
0.993433
0.983845
1.00053
0.99233
0.998926
1.01124
1.00981
1.01711
1.00675
1.00034
1.01079
1.00591
1.00978
1.00059
0.987264
1.00745
1.00815
1.00817
0.997111
1.00134
0.987515
1.00289
1.01155
1.00868
0.998144
1.00331
0.993795
0.997099
0.99647
0.99932
1.00928
1.00207
1.00083
0.993703
1.01216
0.995578
1.008
1.00872
1.00843
0.993608
1.00607
1.00381
0.985064
0.995973
0.989935
1.00178
1.00381
1.00652
0.997363
1.01838
1.00053
1.00158
0.993375
1.01275
1.00116
0.996746
0.992248
0.983892
1.00263
0.997223
0.996639
1.00326
0.992899
1.00032
1.00137
0.992836
1.00139
1.00249
0.994994
0.996666
1.00837
1.00421
0.985776
0.995461
0.978245
0.996384
1.00918
0.995821
1.00775
0.998205
0.998618
1.00011
1.01108
1.00498
0.986414
0.998172
1.02038
0.998517
0.994266
0.995298
0.992118
1.001
1.01052
0.995678
1.00494
1.00347
0.989842
1.00147
1.00296
0.975108
0.994582
1.0094
0.986341
0.993734
1.00345
0.998909
1.00524
1.00453
0.998893
0.989269
1.00153
0.982539
1.00098
0.993738
0.993567
1.00134
0.999602
0.991205
1.00973
0.993459
1.0007
1.00085
0.997317
1.00093
1.00236
1.00805
0.994264
0.995476
1.00126
1.00203
0.992669
1.00655
1.00906
0.995599
1.00773
0.994968
0.98539
1.01068
0.995412
0.99202
0.997549
0.989629
0.992152
0.984121
0.989126
0.991429
0.99046
0.999094
0.992214
1.00901
0.997745
0.986086
0.995004
0.999779
0.994438
0.999607
1.00041
0.989783
1.00137
1.00971
1.00798
0.998618
0.999277
0.998786
0.993227
0.995514
1.01627
1.00521
0.993376
1.00648
1.01318
0.998646
1.00193
0.981291
1.00139
0.982
1.01215
0.997272
1.00245
1.01109
0.999152
0.994085
0.993767
0.992628
1.00111
1.0001
0.996578
0.994799
0.994275
0.986581
1.00875
0.9947
1.00257
1.00638
0.991755
0.99729
0.997804
0.991573
1.00093
1.01865
0.995922
0.990562
0.997918
1.00245
1.001
1.00419
1.00859
1.00939
0.990813
0.996721
0.996188
0.997378
0.997553
1.00854
0.997905
0.996874
0.994731
0.99546
0.999292
1.00262
1.00619
0.999611
1.00597
1.01486
0.988559
0.98948
0.998492
1.00295
0.995387
1.00443
1.01207
1.00856
1.00408
0.99623
1.00705
0.999968
1.00551
1.01074
0.993832
1.00018
0.993426
1.01756
1.00368
0.989982
1.00406
1.00633
1.00396
0.985642
1.00938
1.01484
0.990059
0.992819
1.00677
0.97875
1.00159
1.0153
0.998845
0.976713
1.00062
0.998062
0.987845
1.01365
0.999429
1.00712
0.994026
0.995563
1.0027
1.00706
0.991306
1.00219
1.00321
0.997889
0.981533
1.00311
1.00553
0.999431
1.00988
0.999451
0.998399
1.00769
0.996829
1.00374
1.00316
1.00133
0.999896
0.987483
0.998405
0.990169
0.99945
1.00451
0.998514
0.997576
1.00453
0.998256
1.00149
1.01697
1.00166
1.01302
1.00344
1.01456
1.0027
1.00537
0.993891
1.01266
0.993351
0.992835
0.991186
0.998097
1.01083
1.0038
1.00787
0.991215
0.988161
1.00444
1.01049
1.00197
0.995052
1.00497
0.997504
1.00606
1.00632
0.981321
0.99629
1.01558
1.00334
1.00593
0.993969
1.01146
1.00957
0.987604
1.00583
1.00442
0.990852
1.01309
0.987827
1.00363
0.994104
0.99533
0.99488
0.995702
0.995743
0.992555
1.00803
0.99818
0.997569
1.00338
0.998486
0.990655
1.00666
0.998215
0.995279
0.991054
1.01284
0.993275
1.00795
0.996339
1.00331
1.00249
0.981817
0.98105
0.995994
1.00013
1.01152
0.99306
1.01118
1.00033
1.00678
1.0041
0.995191
1.00191
0.996888
1.00059
1.00306
1.00304
1.00791
0.998925
0.995917
1.00318
1.00566
0.99476
0.996779
1.00746
0.993919
0.987605
1.00167
0.995034
0.998272
1.00087
0.99823
0.995864
0.996806
0.991792
0.988937
1.00176
1.0041
0.9968
1.01449
1.00731
0.999514
0.993156
1.00295
0.988134
0.992807
1.01556
1.00303
1.00241
0.998697
0.990307
0.989589
1.0063
0.99228
1.00239
1.00138
1.00642
0.987627
0.98739
1.00953
1.02141
1.0067
1.00437
1.01089
0.997986
0.997647
0.997338
0.990302
0.996977
1.00174
0.983789
1.01032
1.00272
0.9889
0.988874
1.00404
0.998032
0.981557
0.995041
1.00453
0.989117
0.998142
1.0029
0.994346
1.00498
0.991115
0.983309
0.996072
1.00333
1.00397
0.987864
1.0094
0.995486
0.990112
0.995915
1.00458
0.991364
0.997713
0.987416
0.999886
0.995888
0.995427
0.99124
1.00759
1.00987
1.00932
1.00518
1.00238
0.993777
1.01253
0.9942
1.004
1.00592
1.00874
1.00963
0.989648
0.999429
0.985152
1.00551
0.995642
0.998274
0.994666
1.00421
1.00076
0.98267
1.00567
0.993472
1.00331
1.01209
1.01532
0.996922
1.01548
0.994089
0.996763
0.996268
0.990722
0.99179
1.00755
1.00049
1.01205
1.00524
1.00588
1.01994
1.00663
1.00115
0.99569
1.00057
0.979259
1.01521
0.989489
0.982606
1.01397
1.0135
0.996252
0.999742
1.00488
0.995702
0.998356
0.996895
1.00462
1.00594
0.995891
0.991166
0.997166
0.999773
0.99616
1.01161
1.00574
0.981192
0.993978
0.997024
1.02421
0.996576
0.994355
0.993211
0.999296
1.00675
1.01072
0.9972
0.998585
0.991753
1.00651
0.999006
0.994467
0.984188
0.999921
1.00572
1.0034
0.999411
1.00576
0.999025
1.00355
0.99298
1.00304
0.989804
1.00557
0.988336
0.992894
1.00962
1.01874
1.006
1.00457
0.992521
1.00565
1.00954
1.00816
0.995239
1.00783
0.997951
0.99611
0.99231
1.00415
0.994633
1.00009
1.0076
1.0018
1.01405
0.997105
0.99564
0.996592
1.00611
1.00239
0.997153
0.98847
0.996779
0.994482
0.993861
0.991349
0.991609
0.985071
0.995116
0.999103
1.0114
1.00088
1.00804
1.00011
1.00163
1.00456
0.988987
0.999683
0.992379
0.993605
0.995767
1.00457
0.998223
0.999788
0.992194
0.995959
1.00756
0.995854
0.999074
1.00205
1.00415
1.0107
0.996013
1.01669
0.999227
0.998305
0.997509
1.00117
0.99995
1.00145
1.00112
1.00305
0.997259
1.00516
1.00083
0.993054
0.99989
1.00638
1.00066
0.98723
1.00505
0.97875
0.999554
0.998738
0.99487
0.997208
1.0019
1.00511
1.00613
1.00402
0.994309
0.990687
1.00629
0.990364
0.986369
0.993219
0.99306
1.00893
0.988294
0.994046
0.993162
0.993638
0.990699
0.994957
1.00418
0.997506
0.999401
0.999809
1.00742
1.00575
0.995365
0.984572
0.988013
0.986018
1.00373
0.998673
0.999589
1.00513
1.01201
0.993513
1.02092
1.00504
0.98558
0.98416
1.00194
0.984736
0.988049
0.999705
1.00138
1.00023
1.00722
1.01051
0.994001
0.993953
0.997393
0.996889
1.00595
1.00746
0.993624
0.994208
0.997254
1.01026
0.995882
1.00233
0.987799
0.992048
0.988011
0.989653
0.992764
0.997719
0.991776
1.00987
1.0014
1.00921
0.994523
0.993526
1.00699
1.00227
1.00983
1.0067
0.987153
1.00452
0.993577
1.01485
1.00546
1.00083
0.992279
1.01239
0.999968
1.00052
1.00435
1.01448
0.995257
1.00952
1.00974
1.00924
1.00255
0.999968
1.00772
0.994988
0.995533
0.989186
0.995205
0.993872
0.988174
1.00115
1.01591
1.00438
1.00094
1.00509
0.997782
1.00679
1.00146
0.999485
1.00443
0.9849
0.993002
0.992401
1.00116
0.999262
0.99731
0.989305
0.992746
1.00726
1.00189
1.01489
0.996647
1.00114
1.00114
0.996324
0.99067
1.00606
1.00133
0.996031
1.0046
0.996418
0.991819
0.98631
1.00096
0.998988
0.983443
0.989067
0.998336
0.998235
0.995972
0.991726
1.00304
0.999218
1.01176
1.00369
0.980107
0.997722
0.987936
1.00567
1.00179
1.00883
1.00933
0.998227
1.0043
0.999403
1.00636
1.00632
0.991138
1.01101
0.995603
0.991397
1.00202
0.981755
0.998263
0.997371
0.997413
1.00084
0.998883
1.00744
1.012
0.993839
0.999399
0.996133
1.00914
1.00729
1.00343
1.00918
1.00047
1.00327
1.00207
0.984032
0.993176
1.00528
1.00488
0.994478
1.00394
0.990972
1.00459
0.990671
0.999722
1.00783
1.00642
0.996352
0.988373
0.995438
1.00235
0.99989
0.986114
0.996621
0.99839
1.00471
0.997759
1.00537
1.00094
1.00321
0.994313
0.993576
0.987119
0.998316
0.995442
1.00232
0.986783
1.0055
1.00698
1.00596
0.999943
1.00532
0.998271
1.00416
0.99127
0.994157
1.01095
1.00484
1.00565
1.00744
1.00284
1.00608
1.00086
0.995372
1.00207
1.01451
1.00826
1.00067
0.978592
1.00864
1.00391
1.01197
1.00254
1.00214
1.00086
1.01154
1.00316
0.9997
1.00722
0.993345
1.00386
0.997574
1.00177
0.996362
0.995697
0.987611
0.986381
0.992903
1.00715
1.01208
0.997042
1.00676
0.988227
0.980408
1.00047
0.994691
0.998835
1.00137
1.00371
1.00147
1.00545
1.00243
1.01099
1.00796
1.00577
0.991725
1.00119
1.00841
1.0022
0.999104
1.00566
0.998064
1.00631
0.988895
0.996795
0.991533
1.00138
1.00928
0.999617
0.986861
0.988681
0.998838
0.999226
0.984504
0.997473
1.01677
0.999007
1.01215
1.00435
1.00699
0.998433
0.994863
1.00397
1.01068
1.00785
0.997336
0.995879
1.00944
0.994506
0.998805
1.00746
1.00562
1.00263
0.982384
1.00657
0.989377
1.0052
1.01289
1.0188
0.985926
0.989408
1.00556
0.990504
0.99568
0.994028
0.999857
1.01147
0.986341
1.00659
1.00282
0.995122
1.00871
0.997422
0.993643
0.994628
0.99636
0.996772
0.999974
0.995824
0.988817
1.00228
0.982536
0.997713
0.984534
1.00344
1.00109
0.997284
0.996276
1.00686
1.00642
0.997805
0.999157
1.00244
0.996973
1.0056
0.992086
0.992669
1.00602
0.996914
0.99941
0.993247
0.99733
0.998159
1.00154
1.00951
0.999097
1.0003
0.991404
0.99275
1.00128
0.993754
1.00613
0.997327
0.996762
1.02211
0.998232
0.985235
1.00049
1.01311
1.02248
0.98889
0.987051
0.999244
0.99725
0.997551
1.00587
0.997478
0.999492
0.979759
1.00499
0.989804
0.999384
1.00246
0.995134
1.01107
1.01884
0.981684
1.00386
0.999518
0.99459
1.00263
1.0118
1.00375
0.984902
1.01231
0.999722
0.998965
1.00248
0.985869
0.998565
1.00301
1.00069
1.00461
0.999338
1.00395
1.00965
0.988797
1.00241
1.00956
0.994689
0.99439
0.987836
0.999585
1.01573
0.993235
1.00775
0.997489
0.99908
0.998797
0.998739
1.00591
1.001
0.99832
0.990317
0.994316
1.00416
0.986529
0.998478
1.00797
1.0073
0.997432
1.00074
0.998637
1.00625
1.00489
0.985968
1.00874
0.992237
0.996536
0.997574
0.99982
0.996916
0.999648
0.995772
0.99503
0.989532
0.989569
0.993568
0.993557
1.00135
1.01588
1.00186
0.994831
1.01349
1.00819
0.994439
0.992663
0.995267
1.00456
1.01272
0.991978
1.01303
1.00307
1.00224
0.996669
0.997417
0.988131
0.998929
0.990641
0.99118
1.00561
1.00026
1.0043
0.999077
1.0076
0.992598
0.985074
0.992756
1.00093
0.984009
1.01545
0.993359
1.01263
0.987281
1.00189
1.00287
0.991596
0.9957
0.991231
0.987171
0.980674
1.00371
0.994894
0.987285
1.00476
1.00704
1.00629
0.999845
1.00566
1.01664
1.01212
1.00423
1.00233
0.993939
1.01017
0.991484
1.003
0.988602
0.994462
0.998906
1.011
0.988338
0.998256
0.995015
1.00212
0.995635
1.00206
0.995171
0.984906
1.0108
0.989375
0.990608
1.00017
1.00046
0.995244
0.986217
1.00305
0.998619
0.999764
0.997724
1.00415
0.985109
1.01
1.00077
0.99823
1.00056
0.985125
1.01491
1.02279
1.00744
1.008
1.00179
1.01394
0.999102
1.00504
0.999325
1.00385
1.0024
1.02439
1.005
1.01596
0.979983
1.00098
1.00306
0.999995
0.999491
0.992243
0.997057
1.00318
0.997075
1.01042
1.00364
0.993774
1.00193
0.996741
0.997421
1.00098
1.00528
0.996457
1.00159
0.991974
1.00109
0.998992
1.00469
0.989756
1.00629
0.989864
0.99044
1.00052
0.983648
0.995357
0.993321
0.995783
0.996188
0.985301
0.999242
0.998055
1.00313
1.00081
1.00706
0.998523
1.0139
0.995278
0.998332
1.01133
0.978394
1.00512
1.00973
1.00423
0.997647
0.991478
1.0168
1.0006
1.00408
0.997234
1.00327
0.985515
0.988536
1.00092
1.00194
1.00782
0.997887
1.00824
1.01793
0.998185
0.999497
1.00733
0.989653
0.995755
0.992207
0.983921
0.998824
1.00174
0.985206
0.997648
1.00444
1.00141
1.00305
0.996984
1.00645
1.00257
1.00587
0.998434
1.00897
0.988851
0.984733
1.01263
0.996823
1.00032
0.997005
0.983636
1.00182
1.0059
1.00391
1.0015
0.998119
1.00212
0.999072
1.0035
0.989368
0.993387
0.993768
1.0132
0.997482
0.991445
1.00427
1.00925
1.01304
0.998937
1.00072
0.987919
1.00934
1.00283
0.984177
0.999895
1.00945
0.998745
1.00578
1.00138
1.00369
1.01014
1.00409
0.995757
1.00221
1.00201
0.99814
1.00054
0.995103
1.00161
0.996515
1.00345
0.994337
0.993706
1.01753
0.999657
0.996748
0.994847
1.00739
0.991907
1.00348
1.00945
1.0055
1.00735
0.980722
1.0034
0.998312
1.0019
0.981854
0.991848
1.01115
1.00152
0.996183
0.996205
0.991918
0.991359
0.994257
0.999254
0.994054
0.999946
1.00075
1.00538
0.988957
1.0105
0.995348
0.994158
0.994862
0.996103
1.00111
0.999398
0.999056
0.999292
1.00227
0.9893
1.00309
1.0042
0.988591
0.983434
0.995545
1.00258
1.013
0.986903
1.00771
0.999441
1.00517
1.0008
0.993903
1.00391
0.992962
0.996225
1.00341
1.00911
1.01106
1.00316
1.01064
0.999804
1.00131
1.00294
1.00306
1.00285
0.986917
1.00865
0.994134
0.995754
0.996942
0.979989
1.00357
0.990381
1.00763
0.995601
0.989255
1.01452
0.984756
1.0098
1.00555
0.997413
0.987136
0.995665
0.995566
1.01314
0.994803
1.01214
1.00449
1.00532
0.99954
1.00623
1.00193
0.992618
0.996247
1.00181
0.981485
0.989561
0.991725
0.983496
1.00171
0.98561
0.99549
0.99467
0.997187
1.00398
1.00196
1.01248
0.99824
0.998113
0.980602
1.00958
1.01056
1.00128
1.00083
1.01537
0.992414
1.00943
0.994325
1.00107
1.00519
1.00168
1.00198
1.01556
0.998657
1.00348
0.988389
0.989777
0.998612
0.996679
1.00443
0.998313
0.994867
1.00918
0.990147
0.997529
1.00734
0.996096
0.99836
0.984137
0.997551
0.981245
1.00897
1.00085
1.00837
1.01116
1.00867
0.995865
1.00658
1.00736
0.991527
1.0084
1.00211
0.992967
0.994286
1.02357
0.998562
0.996752
0.998111
0.997537
1.00588
0.993008
1.00777
1.00214
0.995089
0.996244
1.00304
0.998836
0.99321
1.01073
0.994131
0.999623
0.997921
1.00396
0.995575
1.02672
1.00887
0.990218
0.99585
0.998437
0.997995
1.00915
1.02511
1.00461
0.983706
1.00661
0.997636
1.01075
0.998107
1.00106
0.981961
1.00607
1.00114
0.991836
1.00389
0.99772
1.00267
1.00047
0.995443
0.989811
0.993189
1.00635
0.997507
0.999618
1.01146
1.00206
1.01394
0.994533
1.00852
0.998908
1.01969
0.993162
0.998839
0.990648
1.00505
1.00267
1.01259
1.00535
1.00108
1.00241
1.00365
1.00187
1.0004
1.0081
1.0078
1.00273
1.00505
1.00936
1.00042
0.998044
0.99145
1.01771
0.988174
1.01409
1.00278
0.994373
0.997499
0.999921
0.992299
0.997048
0.987065
0.999637
1.00422
0.997562
1.01008
0.997437
1.00838
1.00184
0.999482
1.00979
1.00432
1.01138
0.989258
0.987887
0.999036
1.00399
0.997772
1.00455
1.01898
1.00436
0.997422
1.00624
1.00289
1.00224
1.00374
1.00631
1.00373
0.998353
0.991588
1.00433
0.999411
1.01589
1.01238
1.0008
1.00997
1.01271
1.00117
0.995342
0.989103
0.994454
0.9986
1.00217
0.994674
1.01167
0.998422
1.00121
1.0215
0.998405
0.997912
1.00259
0.987114
0.995972
0.985712
0.995637
0.999074
1.00808
1.0125
0.9937
1.00552
1.00358
0.998863
0.996798
0.990446
1.00311
0.998287
0.997543
0.991456
1.00502
0.993422
1.0083
0.996372
0.995405
1.00032
1.00577
1.01011
0.995567
0.997815
0.989681
0.999907
1.00261
1.00404
0.996955
0.993064
1.00338
0.991184
1.01448
1.00403
0.993803
0.988518
1.01214
0.994912
1.00731
1.00941
1.00848
0.997149
0.996075
1.00319
0.996356
0.99977
1.00776
0.984143
1.01794
1.00878
0.991498
1.01221
0.996256
0.987358
1.00529
1.00356
0.985535
1.00922
0.996971
0.989833
1.00026
1.00372
1.01167
1.00359
0.998167
1.00514
0.988781
1.0008
0.978102
1.00469
1.00435
0.995275
1.00293
1.0094
1.00938
0.998375
1.00193
1.00783
1.00219
0.995524
0.996035
0.998533
1.01006
0.999137
0.995623
1.00379
1.00706
1.01652
1.00239
1.01036
0.992205
0.993713
0.998572
0.990109
1.00104
1.00573
0.997135
0.998647
0.989931
0.979441
0.999033
0.994982
0.994641
0.99181
1.00443
1.00097
0.997062
0.999453
0.998654
1.00553
1.00428
0.999879
0.993234
