1.03036
0.945154
0.961051
1.017
1.0212
1.07602
1.00817
0.976636
0.946985
1.03229
0.996131
1.01691
0.973627
0.993658
0.96479
1.03156
1.03539
1.06366
0.995602
1.01066
1.02463
1.06509
1.04484
1.00679
0.995179
1.01774
0.960945
0.962195
0.906418
1.09908
1.03628
1.08238
1.00376
0.990239
1.04318
1.016
1.03124
1.05663
0.967449
0.966297
0.900796
1.00133
0.983802
1.04973
1.00267
1.0063
1.00916
0.987987
0.976701
1.02514
1.00803
1.086
0.940821
1.00733
0.977381
0.977626
0.95404
1.05622
0.985662
0.985249
0.974105
0.998127
0.974307
0.973542
0.995294
0.976681
0.940574
0.996894
0.978478
0.994561
0.987006
1.00124
1.01618
1.01291
0.985353
1.00331
0.986825
1.00667
0.988095
1.06403
1.03736
1.06107
0.991144
0.960813
1.02065
1.02429
0.981568
0.968329
1.002
1.0079
1.03641
0.981474
0.99712
1.04699
1.02994
1.05619
1.03865
0.976158
1.02562
0.97488
0.976538
1.03157
1.00107
1.0255
0.994322
1.01699
0.943064
0.893036
1.01143
0.955608
1.0129
1.00902
1.00309
1.02284
1.02585
1.02414
0.979905
0.938892
0.961741
1.01441
0.933804
0.959018
0.991029
1.02957
0.991624
1.01697
1.02492
0.989019
1.0144
1.08377
1.0347
0.926197
1.01069
0.983546
0.955697
0.947777
1.03937
1.01653
1.02156
1.0799
1.02185
1.02539
1.0373
0.954549
0.992244
0.955731
0.987745
0.969018
0.99893
0.999096
0.979513
1.01182
1.03035
1.02064
1.00614
0.953344
0.960655
0.997122
1.02837
1.01858
0.955819
0.97342
1.06541
1.04871
1.02415
0.933822
0.967074
0.998247
0.983577
1.03122
0.967943
1.003
1.07521
0.971781
0.972036
1.00299
1.0223
1.00286
1.02184
0.98198
1.02646
1.00734
0.999342
1.00727
1.02412
1.00663
1.04204
1.01883
1.00429
0.967685
0.989083
1.00169
0.986629
1.0202
1.01367
0.993323
1.05
1.03316
0.982419
0.876027
1.02745
1.04936
0.964939
0.918016
1.04508
0.976395
1.03413
0.995161
1.02969
1.00489
0.953103
0.947626
0.964344
0.945191
0.980648
1.00628
0.958296
0.989815
1.02703
1.04016
0.985667
0.99559
1.01826
1.0179
1.00337
1.00523
1.01731
0.969742
0.94962
1.03667
0.94215
1.06171
1.02666
1.03938
0.958898
0.943074
0.937099
0.907989
1.0168
0.959918
1.06707
0.993426
1.02629
1.01917
0.973331
0.995382
1.02811
0.996219
0.983627
1.00984
0.994174
0.990114
0.998154
0.992053
0.967871
0.999367
1.05638
1.04629
0.977757
1.00434
1.04056
1.01818
1.01814
1.05371
1.00441
1.06814
1.01572
0.988295
1.02986
1.02567
0.944139
1.03259
0.985783
0.967742
1.00049
0.964529
0.993434
1.00325
1.01564
0.976496
1.02196
1.00953
0.965879
0.982728
1.0169
0.993805
0.973972
0.976155
1.05288
1.03513
1.03878
1.10061
1.05485
1.03954
0.994976
0.959769
0.952001
0.962278
1.0606
0.970083
1.00644
0.951896
0.999781
1.02906
1.0202
0.972499
1.01852
0.948776
1.01827
1.00882
1.01338
1.03474
0.964268
0.999203
0.987603
0.940628
1.0002
1.01014
1.0144
0.990191
0.947055
1.00897
1.01093
0.993579
1.0397
0.994963
0.992273
1.0241
1.03113
0.944285
1.01428
0.998316
0.986813
1.0243
0.955498
0.992088
1.00718
1.01858
0.999101
0.976186
1.0442
0.963458
0.970793
1.00569
1.02528
0.98112
1.03426
1.02603
1.02859
0.988306
1.01675
0.95484
0.926376
0.997172
1.00984
0.994478
0.969625
0.874067
1.04235
1.03522
1.012
0.96393
0.972121
0.935862
1.01162
0.990683
0.950521
0.96191
0.967027
1.00699
1.05027
1.0054
0.931632
0.992101
1.0089
0.988641
0.986284
0.973019
0.986158
0.956972
0.967377
1.02117
1.00729
0.950994
1.01012
0.991514
0.989472
1.01983
1.00389
0.98096
0.901319
1.00044
0.996775
1.08837
0.972762
1.03535
1.00183
0.995438
0.997766
0.985492
1.00279
0.977503
1.05738
1.07077
1.0448
0.989474
0.966566
0.979088
1.01074
1.01656
1.06381
0.982238
0.978863
1.00511
1.07281
1.01857
0.964175
1.0037
0.971825
0.959993
1.02471
1.00952
1.01414
0.964877
0.998532
1.0148
1.07833
0.978749
1.03859
0.963572
0.995032
0.945021
0.979905
1.04375
0.895274
1.04361
1.02419
1.03535
1.05698
1.06151
0.958618
1.01572
0.977067
1.0592
0.971402
1.01125
1.03613
0.956286
1.0357
0.976719
1.00133
1.00065
1.03332
0.991863
0.928758
1.04048
0.949892
0.986074
1.00124
1.03986
1.01836
1.07988
1.01496
0.974651
1.035
1.01161
1.02014
0.964144
1.02471
1.0448
0.993621
1.01102
1.02767
1.08435
1.02554
1.01147
1.00399
0.987991
0.969899
1.03735
0.977004
0.980562
0.971042
0.991404
0.986494
1.04931
1.01274
1.03626
0.974583
0.962091
0.990471
1.01316
1.01003
1.03966
0.947878
1.02378
1.02035
1.06505
1.0392
0.934773
1.05773
0.983477
1.00156
0.976253
1.04396
1.00581
0.966028
1.03372
0.925696
1.04938
0.996931
1.00887
0.961344
0.989828
1.01596
0.988415
0.997571
0.989665
0.954365
0.95936
0.985949
0.978279
0.947484
0.955832
1.02972
0.954278
0.992165
1.04656
1.0114
1.0017
0.969444
1.01646
0.970374
1.02098
0.981764
1.03806
1.04492
1.00297
0.94102
0.971505
0.996659
1.08401
0.961632
1.02986
1.0011
0.939363
0.97272
1.04056
1.00133
0.980841
1.07152
1.03484
1.05311
1.01442
0.943523
0.967091
1.02159
0.937127
1.07392
0.949626
0.951971
0.998428
1.05685
0.961363
1.0125
1.06011
0.991369
0.999444
1.03406
0.928885
0.99974
1.00522
1.00391
0.99412
0.942532
1.01188
1.05122
0.993858
1.0163
0.925122
1.0171
0.964372
1.00458
1.0435
1.02935
0.998121
1.00141
0.966542
0.991511
0.995602
0.992752
0.980656
0.993542
0.99626
0.982645
1.00604
1.06357
1.02152
0.991665
1.02032
0.996778
1.00933
0.973203
0.952794
1.0116
1.00564
0.957
0.980388
0.981188
0.968176
0.985336
1.07172
1.03848
0.986569
0.98426
1.05289
0.930126
1.04785
1.06046
1.04062
0.991124
0.966881
1.03762
1.00354
1.02578
0.989035
0.968056
1.01349
0.958687
1.0126
1.00778
1.00524
0.961874
1.0354
0.977682
0.96254
1.0141
1.05337
0.965097
0.956293
1.0421
1.00838
0.986424
1.01796
1.03394
1.03502
1.01649
0.964535
1.01202
0.966103
1.04767
0.983625
0.958316
0.983336
1.01237
1.00343
0.951052
1.02455
0.975198
0.990725
1.00449
0.972548
0.979076
0.99841
0.998854
1.01596
1.02862
0.991996
0.975959
0.987943
0.9755
1.00505
0.97736
0.98706
0.945991
1.00506
1.0106
1.01454
0.990443
1.02014
1.02694
1.00627
0.977709
0.979032
0.927644
0.94844
0.941813
0.961459
1.04021
1.07245
0.98616
0.960269
1.02181
1.05477
0.984349
0.993134
0.991159
0.992358
0.976942
1.02801
0.980009
0.938929
1.03722
1.0159
1.00376
0.983961
1.04413
0.978912
1.02731
0.958773
1.00706
0.982072
0.996984
0.954031
1.01024
1.03182
1.00204
0.923401
0.997298
0.995896
1.00371
0.978913
0.999332
1.00186
0.978112
0.984735
0.986961
1.01701
1.09798
1.03742
0.972312
1.04582
1.02893
1.02502
0.972853
0.970518
0.987521
1.0272
1.0383
1.06921
1.02813
0.986092
1.00241
0.953786
0.937182
0.966594
0.973227
0.978055
0.982176
0.946975
0.937529
0.988411
0.978716
0.984556
1.0433
1.01563
0.973327
1.05843
1.00031
1.02149
1.03351
0.996103
0.9396
0.976387
1.05595
0.986784
1.02893
0.990872
1.00376
1.03929
1.0039
0.977744
0.972129
1.02018
0.944613
1.01659
1.01461
0.968946
0.989262
1.01671
0.929592
0.952972
1.06101
0.990864
0.9389
0.94455
0.976798
1.0343
0.971802
1.02002
1.03097
1.04773
1.02204
1.01462
0.995397
1.02374
0.999686
1.06929
0.984572
0.982345
1.06734
0.999801
1.01742
0.989397
0.977611
1.0073
1.10569
1.00988
1.04889
1.00017
1.03669
0.969211
1.02852
0.908746
0.981916
0.957555
0.981841
0.982246
1.03337
0.969054
0.988736
1.00176
0.961524
0.956495
0.900048
0.988773
0.980801
0.958755
0.994963
0.95375
1.04169
1.01771
0.982568
0.987115
1.04845
1.00113
1.00408
1.05153
1.0482
1.01041
0.998307
1.03642
0.993435
0.999622
0.989427
1.04037
1.00374
1.02598
1.054
1.01018
0.99237
0.997378
0.974125
1.06617
1.04683
1.07007
0.99618
0.997663
0.98948
0.971402
0.989054
0.995355
0.992293
0.975691
1.04578
1.06044
0.992559
0.959025
0.949183
0.931789
0.944804
0.993662
1.00242
1.03307
0.963133
1.03368
0.989964
0.973566
0.961148
1.01151
0.932436
0.997481
1.02047
0.969966
1.01025
0.964869
0.983847
1.06275
1.02398
0.984016
1.01143
1.03531
0.934372
0.984165
1.00577
1.00522
1.05395
0.979844
1.04682
0.99577
0.985151
0.940952
0.998247
1.00594
1.03164
0.955116
0.974319
0.975658
0.978999
0.941739
1.00723
1.00817
0.983917
0.959864
0.990961
1.01345
1.03542
0.962563
1.02678
0.973769
1.052
0.990888
1.01498
0.96721
1.03704
1.00061
0.997326
0.985398
0.992433
0.967985
1.06434
0.975029
0.983579
0.996435
0.948726
0.954784
0.986838
0.966741
1.03346
0.993555
0.985238
1.01062
0.936462
0.989073
0.983184
0.922283
1.07808
0.987703
0.986687
1.01322
0.955986
1.01162
1.00182
0.997976
0.994405
1.06165
1.01153
1.02928
1.02281
0.936506
1.01389
0.997449
1.01835
1.00925
1.00329
1.01117
1.00743
1.01378
0.986058
1.01018
1.00202
1.02825
0.950099
0.983364
1.0329
1.0347
1.0198
1.01984
1.00226
1.00402
0.950218
1.01503
1.02961
0.990803
0.992556
0.952472
1.05271
1.07779
0.965353
1.02246
0.982148
0.961395
1.00521
1.01408
1.00717
0.906816
1.02023
1.00252
1.01744
1.01367
0.992364
0.953923
0.995812
1.05133
0.890972
1.02538
1.02563
1.04481
1.09326
0.98764
0.996964
0.969674
1.01398
0.980907
0.975759
1.05013
0.982545
0.998262
0.982569
1.05013
0.938956
0.998341
0.999787
1.00178
1.01082
1.05321
0.966515
0.976967
0.981517
1.04182
0.955368
0.980548
1.04642
0.973875
1.05887
1.01313
1.00818
1.00374
1.02679
1.03609
1.03845
1.02322
1.01727
1.05187
0.950683
1.00676
1.00802
0.990429
1.03015
0.985574
0.955787
0.994919
1.02182
0.960772
0.969305
1.02456
0.991983
1.04536
1.01093
1.05638
0.963574
0.97926
0.976133
0.98929
1.05227
0.99317
0.970434
0.989366
1.03763
0.990649
1.01884
0.997272
1.1096
0.958135
1.00123
0.963258
1.07586
1.01149
0.911576
0.963189
1.07933
0.938238
1.00852
1.02897
1.02141
0.946282
0.974784
0.923158
0.990116
0.984747
1.04323
0.973486
0.976687
1.0003
1.06175
1.05488
1.00729
1.09196
1.00778
1.03081
1.00399
0.949717
1.01583
0.965846
1.044
1.0194
1.00103
0.994135
0.900003
1.00809
1.06102
1.07024
1.00261
0.996089
0.998637
1.00659
1.06486
1.06636
0.997883
0.983603
0.969592
1.05332
1.0438
1.08149
0.977763
1.01407
0.971116
1.04025
0.965895
0.99701
1.00407
0.971468
0.987358
0.969511
1.0337
0.971249
0.968684
0.97567
0.977917
1.03668
1.01482
0.949869
1.0462
1.0082
1.0943
0.963763
0.998348
0.996379
1.00579
0.953148
0.979369
1.00998
0.973554
1.00331
1.05334
1.02212
1.06301
1.01897
1.04376
0.994063
0.945017
1.02179
0.998929
0.970088
0.998673
0.940961
0.995269
0.993883
1.03262
1.0829
1.01775
1.01982
1.00228
1.07062
1.01885
0.9605
1.00863
0.989244
0.953172
0.994014
1.00283
0.924862
0.977646
1.05126
0.999362
1.01258
0.957238
1.03603
0.99988
0.988551
1.02077
0.940104
0.999252
0.945469
1.00486
1.01152
1.05074
1.02721
1.04329
0.970375
1.02146
1.02437
0.98152
1.01135
0.996564
1.04161
1.01629
0.983091
0.99997
0.950025
0.956027
1.03559
1.01928
0.982244
1.07256
0.956323
0.995024
0.995846
1.03372
0.970911
0.997999
0.996983
1.00995
0.945653
1.0263
0.949484
0.98139
1.01745
0.98704
0.989722
1.02075
1.01229
0.98875
1.0118
0.995547
0.979942
0.972673
0.987285
0.935731
1.00441
0.969716
0.988978
1.01914
0.943188
1.02094
0.99833
1.01578
0.937565
0.991075
1.04929
1.02611
1.0017
1.02569
0.995459
1.06075
1.03013
0.933891
0.994135
0.949629
1.02088
0.986933
1.02451
1.02584
1.01872
1.06021
0.962791
1.01709
0.957771
0.956691
1.02235
0.966743
0.970595
1.0073
0.999927
0.997319
1.00805
1.05282
0.928698
0.930531
1.02134
0.998506
0.980131
0.963214
1.05725
1.01489
0.924071
0.9837
0.976063
1.09165
0.986299
0.987828
0.986973
1.03201
0.964943
1.01097
0.992827
0.963311
0.982646
0.969608
0.905658
0.939042
0.9908
0.968189
1.01369
1.03469
1.03403
0.973392
1.0757
0.91834
1.00928
1.04969
0.882916
0.978299
0.9991
1.02662
0.990529
0.963155
0.980199
0.986976
1.00137
0.942142
1.00951
0.95781
1.063
0.979703
0.970188
0.959821
0.982795
1.0473
1.00485
0.97464
0.971249
0.992257
0.977488
1.00251
1.04744
0.947044
1.06893
1.05415
1.04128
1.04867
0.972961
0.915936
1.00027
0.985849
1.05005
0.945274
1.00767
1.03645
1.02179
0.983492
1.01591
0.967954
1.00111
0.944495
0.949266
0.963416
1.0376
0.933814
1.00741
1.02196
1.01706
0.957048
1.01737
0.999713
0.975925
0.926387
0.93822
0.991207
1.0113
1.01241
0.950367
0.968495
1.00733
0.980891
0.905478
1.02736
1.01607
0.988996
1.05039
1.09022
1.01936
1.05189
0.997132
1.02057
1.04194
0.984686
0.962036
0.930412
0.986911
0.960171
0.991185
1.0297
0.981576
0.970478
1.02209
1.01848
1.00703
0.970589
1.0002
0.96227
0.965011
1.04451
1.06427
0.994349
1.00309
1.00126
0.9891
0.971586
1.10285
0.980692
0.970187
0.991742
1.01317
0.954904
1.01558
1.00787
1.01392
1.02051
0.963295
1.07095
0.975315
0.974176
0.915964
0.952358
0.952055
0.991574
1.00927
1.00512
0.994642
0.98921
1.00512
1.02565
0.963177
0.943934
0.954649
1.05159
0.981379
0.939951
1.06334
1.03753
0.952787
1.04753
0.988701
0.994158
1.03962
0.968155
1.00261
0.989977
0.970409
1.03176
1.0368
0.975699
0.986834
1.01246
1.03526
1.03361
0.99786
1.02805
0.980683
1.03812
0.996245
0.969636
0.937963
0.995485
1.03092
0.980418
1.08825
1.00429
1.01758
1.00889
0.98735
0.994314
1.01652
1.02282
1.09156
1.00692
1.00794
0.975139
0.987794
0.985821
1.02977
1.03601
1.06945
0.929872
0.987923
0.970012
0.996605
0.93643
1.02651
0.991399
1.00629
0.986734
0.958102
0.977082
0.916504
0.988112
0.974662
1.03203
1.03723
1.04872
1.00869
1.04767
1.02152
1.01793
1.01784
0.968656
1.00609
0.993269
0.983391
1.06441
1.00033
1.01318
1.02457
0.99051
0.946263
1.04782
1.05711
0.995326
1.01697
0.991203
1.00308
0.971244
0.996471
0.9878
1.00142
0.970621
1.01197
1.05741
0.989727
0.976661
1.02681
1.01742
1.0407
0.947851
0.950362
0.953431
1.03973
0.937539
0.96339
1.01919
0.999083
0.993913
0.996459
1.02997
1.06926
1.01672
1.02019
0.985624
0.987108
0.994735
1.0262
1.02356
0.982768
1.0184
0.980413
1.01861
0.95573
0.970505
0.983233
0.9597
0.948297
0.967638
1.05315
1.01546
1.00149
0.977499
1.04426
0.926442
0.933717
0.975482
0.97446
1.03694
1.01608
0.971059
0.978521
0.957914
1.02985
0.964538
0.992708
1.03334
0.999907
1.04057
0.95524
0.960604
1.01582
1.04725
0.976847
0.958497
0.984262
1.04267
1.06413
0.969829
0.969335
0.997189
0.997544
0.972532
0.982746
1.02009
1.04684
1.00578
0.992486
0.941805
1.01801
1.02995
0.9424
0.928376
1.00154
0.986643
1.00863
1.03762
1.00299
0.925286
1.03775
0.978981
0.97478
1.01123
0.97535
0.949038
0.994065
0.999266
0.979834
0.939247
1.04684
1.03765
1.03373
1.02388
0.98604
0.99526
0.967073
0.951225
1.05046
0.902932
0.992122
0.984154
0.948961
0.974061
1.01059
1.00924
1.0303
1.04932
1.05327
0.955618
1.05689
0.9615
0.973135
0.934721
0.95698
1.01568
0.947589
1.04657
0.978599
1.0191
1.02393
1.05086
1.10311
0.967774
0.983997
0.999047
0.987819
0.99066
1.07372
0.985609
1.01502
0.976045
0.972578
1.01067
0.9635
0.97205
0.99604
0.981577
0.950949
0.973212
1.00194
0.975042
0.981252
0.939397
0.989448
1.01736
1.0277
1.02848
1.02813
0.967681
1.02108
0.996862
0.98052
1.02601
0.915693
1.08404
1.02599
1.02046
0.992777
1.01607
0.992625
1.06082
1.00759
1.00455
0.971435
1.00895
0.951844
1.00297
0.945256
0.981442
0.921074
1.05825
0.974868
1.03648
1.03138
1.00221
0.989612
1.0319
1.00011
0.974699
0.987499
1.01891
1.03406
0.993796
1.01229
0.944517
1.03723
0.977726
0.978276
0.98798
1.06892
0.961263
0.973246
1.02347
0.957734
1.04095
1.00092
0.994285
0.967022
0.990832
0.974277
1.01201
1.02866
0.980515
0.981628
1.01471
1.00027
1.00919
0.999526
1.01061
0.965903
0.961241
0.985306
0.991333
1.00543
1.00143
1.02012
1.00367
0.987685
1.03874
1.01351
0.930557
0.995139
0.999731
1.00127
1.06837
0.975728
1.04357
0.978686
0.93323
1.04985
0.980068
1.03074
1.03465
0.903846
0.975899
1.04745
1.09531
1.00354
0.983991
0.999165
0.948133
1.01626
0.998919
0.946424
0.995784
1.00142
1.04901
0.967069
1.03301
0.941381
0.941237
0.968695
0.98713
0.950592
0.99564
0.974924
1.02571
1.04775
1.00794
0.989844
1.01904
1.0173
1.05807
0.986532
0.958537
0.985611
1.02756
0.985052
1.0408
1.01022
1.05666
1.04158
0.946029
1.01567
0.986185
1.06877
0.985981
1.04722
1.03218
0.986724
1.03534
0.966452
0.999761
1.0549
1.00083
0.969044
1.03694
0.986483
0.99736
0.97231
1.08111
1.03482
1.01917
0.964815
0.978035
1.01462
1.00329
1.03134
1.00065
0.970999
0.918363
1.01239
0.996726
1.01077
0.96138
1.02454
1.00023
1.04323
0.986029
0.910989
0.999708
0.984
1.04509
0.971103
0.947591
1.03937
1.03368
0.993306
0.999092
1.00193
0.98447
1.04959
1.04009
1.00411
1.06732
0.925997
1.03719
1.02029
0.958945
1.10406
1.05656
1.02116
0.981331
0.964564
0.993503
1.05066
0.988687
1.00042
1.03333
0.96863
0.959603
1.00657
1.06993
0.982572
0.981385
1.05897
0.935429
1.00473
1.00941
0.952761
1.00943
0.972033
1.00725
0.977186
1.01194
1.00669
1.0006
1.00289
0.980792
0.993114
1.00509
0.968043
0.991735
1.03426
0.961172
1.01146
1.02364
1.03013
0.991087
1.00337
1.07336
1.003
1.01058
0.996555
0.997805
0.971162
1.04985
0.980047
0.987751
1.02283
0.961658
0.994894
0.978031
1.0252
0.906701
1.01053
0.944443
0.937637
1.032
1.06257
0.919009
0.956745
0.997408
1.04619
0.97978
0.998951
0.976384
1.04215
1.02263
1.03686
0.976084
0.986719
0.935568
1.03217
1.0243
0.937344
1.0181
1.00688
1.03289
1.02882
0.97648
0.996363
1.01289
1.00271
0.993115
0.943739
1.09598
1.01017
1.03206
1.01644
0.997443
1.02783
1.03087
1.0015
0.966303
0.996152
1.0204
1.06948
1.04767
1.02754
1.02577
1.07557
0.965782
1.02779
1.04294
0.992615
1.00268
1.02067
0.956279
0.995307
0.946507
0.975055
1.00435
1.00498
0.941458
1.00172
0.970652
1.0027
1.00431
0.938756
1.05407
0.975163
1.03
0.955575
0.979473
0.994919
1.05783
1.02701
1.06433
1.00125
0.958936
0.97051
1.00855
1.00175
0.950285
1.04313
0.961631
0.965734
0.968723
1.04908
0.980367
1.01992
1.01197
0.948767
1.02088
1.0036
0.959303
0.989982
0.979137
0.940578
0.970826
1.00082
1.03083
0.932247
0.972872
1.02825
0.992739
0.941305
1.03356
1.03151
1.04536
1.03554
1.01052
0.988646
0.991597
1.01614
0.947393
0.978596
0.980299
1.00364
1.03703
0.949502
0.965046
1.05255
1.00097
1.01054
0.975401
0.993291
1.04829
1.02019
0.94699
1.01313
1.03053
0.937775
1.05639
0.986285
0.97741
1.01138
0.987971
1.01249
0.991022
1.00443
1.02625
1.03928
1.05257
1.02445
1.0484
1.0296
1.05179
0.954681
0.970732
1.07661
1.03503
0.954889
1.00423
1.00607
0.96884
0.955647
1.02244
1.00779
1.019
0.931683
1.00374
0.963001
1.01371
1.02277
0.990272
0.950144
0.993272
1.04564
0.965528
0.969025
1.06829
1.02005
0.925387
1.02792
1.01983
0.940262
1.06497
1.03562
0.910136
0.956091
0.955833
1.02256
0.972941
1.05851
0.987488
1.04766
0.977796
0.99029
1.02305
1.0484
0.925234
0.985233
1.00223
0.97167
1.0013
1.00808
0.992861
0.943389
0.893305
1.05289
1.07007
0.994336
0.975725
1.0037
0.936671
0.995906
1.02665
1.03761
0.968194
1.03243
1.00692
1.07209
0.980059
1.01866
0.933946
1.02757
1.03074
0.982068
0.996374
0.993245
0.991889
1.00758
1.03064
0.958455
1.01638
1.0478
0.985039
0.995418
0.983858
0.980779
0.951663
1.01424
1.01188
0.927605
1.00142
0.971945
0.984003
1.02269
0.991682
1.01761
1.00091
0.975713
1.00797
1.09929
0.996916
0.992834
0.981518
0.999799
1.00553
0.993993
0.992128
0.957133
1.08693
1.01176
0.978578
1.04949
1.01776
0.981168
1.04526
0.952499
1.01279
1.01437
1.03204
1.03927
0.945888
1.04592
1.03767
1.01851
1.03651
1.03177
0.979109
1.03636
0.992651
0.985116
0.98738
1.03297
0.979182
0.970831
0.995194
1.03216
1.03967
0.964466
1.05113
1.05547
1.0044
0.954071
1.03568
0.983048
0.900295
0.958296
0.967371
0.977707
1.00032
1.04447
1.03764
0.972046
1.06635
1.00521
1.02546
1.08442
1.03022
0.971091
0.92491
1.00109
1.01262
1.02306
0.981917
0.998536
1.01418
1.00541
1.05825
1.02391
0.965082
1.00273
1.10186
0.956921
0.996616
0.962563
1.01794
1.07294
0.950422
0.983509
0.965011
1.04414
0.957308
1.01123
1.02949
0.975893
0.928113
0.994081
1.04456
0.930532
0.977443
0.993761
0.986189
1.02569
0.98519
0.928128
1.04224
1.03064
0.968413
1.01265
0.980129
0.979155
0.93395
0.966735
1.02669
1.01357
0.963817
1.0007
0.998555
0.951684
0.922824
0.991687
0.996155
0.94747
0.964676
1.00061
1.0225
0.963421
0.955015
1.01649
0.983307
0.97919
1.00082
0.931038
0.939092
0.987106
1.07422
1.06227
0.956789
1.0727
0.983147
1.0051
1.00397
0.970464
0.956106
0.994297
0.99111
1.02589
1.0286
1.05065
1.01519
1.02655
0.960773
0.942079
1.00251
1.03163
1.02932
1.04289
1.03786
1.01887
0.980009
1.03216
1.05073
0.923944
0.966131
0.974047
1.07068
1.04358
0.977316
0.91528
0.980086
0.961863
1.03213
0.963959
0.984768
1.01006
1.01309
0.980334
0.965699
0.878547
0.969359
1.00337
1.01151
0.98509
1.01467
1.03035
0.988644
1.00348
1.02408
0.985215
0.956379
0.957705
0.982387
0.982245
1.03905
1.0607
1.04008
1.04507
0.981804
1.00247
1.01099
1.02591
0.969358
1.07222
0.963344
0.949137
0.975228
0.987687
1.00243
0.972819
0.96566
1.00966
1.01028
0.913238
1.01187
0.974383
1.01883
1.05472
1.00185
1.02863
0.970457
1.03836
1.06143
1.02138
1.00414
1.07115
0.975061
0.95817
0.95282
1.01005
0.99879
0.997653
0.99999
0.994793
1.00712
0.963647
0.938421
0.989394
0.981464
1.00061
1.04543
1.0002
1.00752
1.03476
0.999074
0.944829
1.0371
1.00319
1.00838
1.05723
0.985533
0.965633
0.947346
1.05356
1.04926
0.955107
0.976999
1.06288
0.914785
0.983944
0.965942
0.98998
0.989557
0.950221
1.02453
1.02943
0.992833
0.94722
1.00979
1.05144
1.00018
1.02266
1.0296
1.03778
0.962846
1.01411
0.978848
1.00025
0.980353
0.940928
0.976173
0.976588
1.02748
1.0026
1.0559
0.995496
1.00555
0.972781
1.00178
0.964363
1.05279
0.953068
0.964608
0.969303
1.06401
1.03034
0.964854
0.956787
1.00374
1.05898
1.02109
1.0018
0.987531
1.0563
0.98331
1.01832
1.02329
1.03306
1.02997
1.02557
0.961777
1.02219
0.899796
1.04166
0.97414
1.03159
0.954409
1.03782
0.990522
1.05007
1.03642
1.02184
1.04068
0.994887
1.03973
0.98574
0.947827
0.989315
0.970034
0.973081
1.01062
1.01959
1.04205
1.04722
1.02032
0.988196
1.01409
1.05464
1.0163
1.01747
1.05342
1.04474
1.01557
0.968288
0.973203
1.00924
0.96256
0.977964
0.987061
1.03505
1.01846
0.98785
1.05579
0.947694
0.935454
0.973053
1.01511
0.984445
0.976741
1.03596
1.03015
1.00199
0.960776
0.985556
1.01297
0.924092
1.03843
1.00627
1.00017
0.993714
1.0323
1.0613
0.985188
1.03294
1.00613
1.02869
1.04081
0.986443
0.954597
0.995791
1.02409
1.00942
1.0067
0.979054
0.994859
1.02407
1.03941
1.01923
1.05596
1.00681
1.01959
0.974189
1.0007
0.9799
1.09445
1.01299
1.03475
0.969406
1.01221
0.996307
1.04289
0.979603
0.953451
1.00876
0.997612
0.982926
1.03556
1.01337
0.898209
1.05043
1.02069
0.989844
0.91679
0.969443
1.0653
1.00147
1.0151
1.02623
1.03844
1.01131
0.959633
0.91878
1.04545
0.970447
1.00195
0.987206
0.957882
1.02496
1.06111
0.999464
0.999664
1.07375
0.980431
0.986587
0.978137
1.05062
1.01857
1.03302
0.991106
0.975396
1.01142
1.03858
1.06338
1.06532
1.00011
0.976571
1.01853
0.962966
0.958485
0.989546
1.00407
0.996468
1.02355
1.01633
1.04159
1.03298
1.01282
0.975298
1.03574
1.02869
0.960827
1.0703
1.00591
1.04373
1.01151
0.945895
0.983037
1.01297
1.00839
0.951251
0.962583
1.0064
1.02027
1.03066
1.00802
1.04579
1.00009
1.01744
1.0184
0.943625
1.01304
0.980622
0.950214
0.996618
1.02581
0.922605
1.02122
0.977439
0.987788
1.0219
0.993189
0.964777
1.00837
0.93473
1.01692
0.961536
1.03649
1.01083
1.03719
0.988694
0.979879
0.993866
1.01529
0.983183
1.04463
1.02504
0.999997
1.04392
1.037
1.04325
1.01662
1.02608
1.02104
1.02607
0.986889
0.978615
1.03623
1.02621
1.00407
1.0022
0.990739
0.984974
1.03135
0.946812
0.980747
0.976199
0.967837
1.00942
0.965365
1.01724
0.988424
1.02983
0.971981
0.967497
1.00722
0.973169
0.978869
1.00649
1.04538
0.978109
0.979771
1.08191
1.0037
1.02371
1.03929
0.955429
1.00913
0.991552
0.92776
1.04135
1.00817
0.982838
0.96966
0.941597
1.01333
1.04339
0.899791
1.01488
1.00177
0.970111
1.07251
1.05499
1.03506
1.10197
1.04859
0.971971
0.97069
1.03397
1.01752
0.968069
1.02082
0.997192
0.991055
0.927377
1.05838
0.969348
0.971516
0.960081
0.963404
1.08339
0.956247
0.995514
1.01942
1.02417
1.04749
1.03543
1.04424
1.06231
0.95623
1.02025
1.03853
1.07016
0.999926
0.990399
1.03853
0.953225
1.03847
1.00406
1.04493
0.966267
1.02013
1.00625
0.927787
1.00809
0.97786
0.971372
1.0005
1.00955
1.04578
1.03233
1.00018
1.00811
1.03438
0.967486
1.01668
1.06014
1.00196
1.03335
0.948014
0.979922
1.07826
0.99728
1.04431
0.947051
1.00986
1.05807
1.02625
0.965588
0.990357
1.01531
1.06223
1.08473
0.969722
1.00397
1.07561
1.02761
0.970989
0.990504
0.939027
0.998165
0.979573
0.947594
0.946019
1.0156
1.01533
1.01084
0.971453
0.948402
1.01456
0.92338
0.939138
0.98191
1.01149
0.998855
0.969002
1.08357
1.00308
1.02722
1.05881
0.970797
1.04413
0.960816
1.00767
0.98628
1.00731
1.01802
0.997471
0.999876
1.02563
1.03208
1.01529
0.974749
0.98337
0.975869
0.98605
0.989542
0.977143
0.985308
1.01291
0.974315
0.971268
0.954736
1.03919
1.03938
1.03323
0.946934
0.946817
1.0212
1.02808
1.01224
1.0308
0.945008
1.04633
0.970159
1.00705
1.00517
1.01107
1.03108
1.03634
0.964195
1.03568
1.01591
1.06215
0.950851
1.00712
0.989208
0.99382
1.03605
0.925712
1.00299
1.0195
1.0217
1.02535
1.05521
0.980667
0.98015
1.05184
0.948882
0.968498
1.01585
1.00438
1.03616
0.938677
0.920568
0.956645
1.00404
0.981495
1.04441
0.981078
1.01476
1.02512
0.974947
0.983337
1.05189
1.03506
1.02055
0.992835
1.00835
0.994942
0.983326
1.01714
1.03609
0.976719
1.0432
1.00258
0.974114
0.987792
1.00417
1.03656
0.967375
0.987525
0.954193
0.948348
0.987597
1.01117
1.02814
1.00512
0.958124
0.970588
0.952852
1.09468
0.948307
0.977957
1.02808
1.05672
0.993702
1.02491
0.984642
1.02385
0.937593
0.985449
1.06563
0.98075
1.061
1.00953
0.956148
1.01461
1.03622
1.06172
1.01568
0.959378
1.05515
0.986026
1.00749
0.984464
0.999812
0.990272
1.01179
0.931363
1.01327
0.99737
1.02607
0.986527
0.979287
1.01666
0.968351
0.996055
0.981011
0.970397
0.985416
1.00231
0.95971
1.00581
1.05918
1.06073
1.03354
1.03588
0.997398
1.01031
0.949366
0.954063
1.0052
0.999154
1.01814
1.01478
0.986713
1.00644
0.987415
1.03645
1.01436
0.987679
1.02766
1.01637
0.968985
1.046
1.04668
1.05649
1.00597
1.00145
1.02473
0.962046
1.04622
1.0256
1.04525
0.957079
0.975798
1.03994
0.983621
0.928867
0.980275
0.995451
0.978089
1.04897
0.984846
0.956971
0.998307
1.02344
0.930292
1.0062
1.01906
0.991548
0.923607
0.926548
1.00759
1.05521
0.985401
1.04973
1.00229
0.992409
0.977795
0.958958
0.875674
1.01599
0.973841
0.991091
1.01252
1.00998
0.993053
1.02093
0.965429
1.00747
0.98464
1.06161
0.98487
1.00635
1.04147
1.01346
1.02629
1.00673
1.03475
0.989627
0.958278
1.00368
0.961574
1.02281
0.974036
1.01245
0.97361
0.994269
1.03277
1.00252
1.04135
0.979804
1.08044
0.996724
1.02383
1.05981
1.02307
1.0645
1.03832
0.991078
0.974525
1.00467
1.01098
0.945976
0.958902
1.038
1.02319
0.968993
1.05739
0.96595
0.960516
1.07164
1.0103
1.04936
1.00592
1.00062
0.980806
0.969575
0.990404
0.988882
1.01968
1.03192
1.05004
1.02431
0.965399
1.02472
1.03092
0.95592
1.02078
0.949392
1.01752
0.980988
1.02306
1.05707
0.994835
1.01596
0.963908
1.01996
0.996814
0.971911
0.996056
0.973608
1.05482
0.985032
0.980697
0.986856
1.00643
0.982652
1.09987
0.996358
1.02953
1.01118
0.99763
1.00397
1.03838
1.00119
0.98245
1.03101
1.06059
1.0054
1.0028
1.00884
0.981614
1.01374
1.05206
0.93252
0.977378
0.997046
1.05925
1.03401
0.97883
1.03249
0.988484
1.003
1.01191
0.997879
1.03726
0.953022
1.02028
1.00229
0.993322
1.03988
0.994947
1.0376
1.05215
0.953246
1.02355
0.949791
1.04009
1.01286
0.993155
1.02853
1.00613
0.938285
0.899757
0.978514
0.988036
0.95522
1.01183
1.00797
0.993241
1.00078
1.02505
1.01054
0.981409
1.04848
0.985004
1.01672
0.966183
1.03458
1.02775
0.99335
0.975288
0.960523
1.00442
0.979187
1.01429
1.00497
1.05119
0.985937
0.945902
1.0459
1.04804
1.06784
1.03483
0.998702
0.975894
1.05014
0.990152
0.976022
0.996497
0.93797
1.0299
1.03048
0.995893
0.998388
1.00156
1.05449
0.980478
0.979599
1.01412
1.02656
1.01886
0.961727
1.03039
0.972599
0.914234
1.01525
0.996213
1.03704
1.0071
0.994138
1.04814
1.01865
0.991604
0.961747
0.958849
1.03391
0.989248
0.960054
0.935561
0.984248
0.962053
1.03524
1.04951
0.997016
0.997969
0.943976
0.931149
1.01156
0.995208
0.96466
1.02291
0.998457
1.05014
1.03854
0.966271
1.0009
0.952016
1.00351
1.01027
1.01701
1.01722
1.0362
0.974941
1.05283
1.03134
0.993505
1.04941
1.00086
1.01348
1.0108
1.01993
0.999811
1.0562
1.00067
1.02739
0.973053
1.02486
1.06063
1.03053
0.987894
1.02166
0.990742
0.999672
0.970632
1.0043
0.987814
0.972272
1.00554
0.964559
0.945434
0.96862
0.960051
1.03041
0.93408
1.06655
0.95353
0.995398
1.01558
1.01889
1.00016
1.00076
0.980148
0.996687
1.05638
1.00549
1.05384
1.00776
1.03411
1.00606
1.00844
0.966454
0.97738
0.965429
0.965608
1.0396
1.01829
1.04528
1.00314
0.941833
0.968613
1.01019
0.969303
0.9828
0.97276
0.934424
1.01363
1.03913
1.00032
0.99523
0.970074
1.03741
0.994475
0.969222
0.966284
1.01078
1.01483
1.01328
1.0587
1.04824
1.02636
1.04588
1.03842
0.998186
0.936122
0.997844
0.983431
0.975858
1.01977
1.02913
1.01252
1.02043
0.9909
0.988976
0.999368
0.963747
1.01631
1.0513
0.998712
1.04713
0.99729
0.906324
1.02406
1.0677
0.968078
0.920328
0.973565
1.03996
0.999747
0.945782
0.916461
0.928186
0.995045
1.02103
1.0574
1.01104
1.00563
0.930173
1.03274
1.0073
0.98251
1.05114
0.935053
0.972736
1.01196
0.986461
1.01866
1.01538
1.00544
0.993682
0.987255
0.99922
1.01243
1.04839
1.04786
0.964536
1.03099
0.943601
1.04003
0.992133
1.02666
0.960248
0.96606
0.945992
1.04529
0.957892
0.967431
0.924316
1.04449
1.00525
0.964422
1.0016
0.940372
1.02516
0.964421
1.04531
1.05264
1.03331
1.00448
1.02723
1.01457
1.02121
1.04211
1.04452
0.959385
1.00641
1.07982
1.00423
1.02852
0.967016
1.02669
0.991891
0.988222
0.940317
0.970425
1.03806
1.03721
1.03969
1.03022
1.02681
0.905161
1.05719
0.971436
0.987491
0.996464
0.996985
1.04158
1.0328
0.987404
1.01611
0.976002
0.966919
1.04639
0.979569
0.973798
0.973494
1.02204
0.992763
1.0486
0.960998
1.04241
0.935636
1.00189
1.03671
1.01862
1.01689
0.967279
1.01716
1.01873
1.02207
1.0246
0.993215
0.980034
1.0173
1.02364
0.961134
0.97952
1.08825
0.978501
0.999153
1.07018
1.01041
1.0066
0.957017
0.928381
1.00898
0.945911
0.929069
0.990862
0.994333
1.0191
1.06544
1.01696
1.09583
1.0003
1.02355
0.946815
0.982843
0.986039
1.00674
1.04501
0.942796
1.03676
1.01879
1.00096
0.996389
0.961541
1.00318
0.970884
1.01896
1.0336
1.04405
0.965909
1.05163
0.989699
1.07032
0.947387
1.05322
0.998747
1.05768
1.01082
0.990371
1.00209
1.02517
0.988226
1.02745
1.06393
1.01888
1.00021
1.07359
1.00477
1.03534
1.02602
0.975427
1.02252
0.965505
1.04881
1.016
0.982596
0.970461
1.05682
0.965587
1.00464
1.01452
1.03194
1.00956
0.987939
1.05501
0.987111
0.954861
0.970189
0.964292
1.04335
1.01969
1.03908
1.0308
0.993903
0.991684
0.994325
0.942313
1.06429
1.03032
0.995875
1.06605
1.01399
0.945875
1.02571
1.01284
1.02598
1.03373
0.896888
0.946884
1.08146
0.944301
0.987253
0.997431
0.981158
1.06632
0.976422
1.00206
0.992254
0.971557
1.05219
1.01337
1.08928
1.04314
1.01244
0.979938
0.989378
0.967667
0.989458
1.07182
1.01614
0.992575
1.06138
0.984988
1.00402
0.953892
0.971829
1.04158
1.0278
0.993825
0.977475
0.981784
1.01638
1.05433
1.00236
1.02198
1.05753
0.9833
1.06348
1.0168
1.01541
1.03983
0.944557
0.98925
0.969174
1.01852
0.983889
1.00107
0.994383
0.939136
1.0942
0.997812
0.973085
1.02552
0.959784
0.938372
0.981617
1.06505
1.02104
1.03304
1.03251
1.0125
0.993772
1.0084
0.986508
1.04421
0.94003
0.993162
1.02074
1.02997
0.989301
1.0087
1.04529
0.962701
0.995299
1.02459
0.983607
0.981343
0.972534
1.05429
0.945209
1.0189
0.949057
0.961398
1.04137
0.949037
0.971999
0.967293
1.00409
1.01589
1.00654
0.996666
0.960583
1.03831
1.03924
1.01592
1.06325
1.01095
0.930852
1.00257
0.956318
1.08521
1.01583
1.05496
0.958612
0.933111
0.970428
1.02305
1.02808
0.945413
1.01538
0.990879
0.984391
1.03777
0.961895
0.988749
1.02369
1.01534
1.02621
1.04272
1.01068
1.00572
0.974436
0.957439
0.956738
1.02006
1.02637
1.02906
1.01866
0.997942
0.981311
0.964004
1.00632
1.0249
0.99328
1.00271
0.942993
1.00247
1.04504
0.971437
0.966781
1.01876
1.02017
0.94294
0.9618
1.01813
1.01262
1.04591
1.03245
0.972781
1.02567
0.966608
0.959689
1.01099
1.00692
0.986465
1.01699
0.972478
1.01761
1.0465
1.01075
1.01051
1.0119
1.02196
1.05797
1.00069
0.961276
1.04433
1.02422
0.984792
0.966423
0.992385
1.02524
1.03889
1.02381
1.0243
1.04218
0.97868
0.989754
0.923682
0.960341
1.01061
1.00895
1.07064
0.995218
0.969638
1.03233
1.01093
0.970593
0.925747
0.956197
0.953917
0.979828
1.02314
1.03692
0.965399
0.957819
1.01547
1.00467
1.06998
1.037
1.01115
0.989887
1.03197
1.01813
1.01217
1.03086
1.03049
1.04257
0.950707
0.969012
0.959156
1.02663
0.949666
0.964938
1.01752
0.984547
1.03956
1.00301
1.03002
1.02687
0.991392
0.982463
0.970106
1.07775
1.08249
0.971183
1.01796
1.08347
0.966957
0.986453
0.999504
1.03103
1.01479
1.00342
0.930073
0.98418
1.03808
1.06128
0.913578
1.04246
0.942149
0.96809
1.07312
1.02378
1.0204
0.992303
0.953006
1.01859
0.958194
0.983906
1.02248
0.995046
1.02737
0.971771
1.02781
1.00464
1.04296
0.980656
0.98492
0.999049
1.0089
0.945
0.972829
1.03273
1.01726
1.06339
1.06535
0.96972
0.972946
0.9653
1.04388
0.967601
1.02145
1.06724
0.941182
0.95496
0.965616
1.04086
0.999357
1.05545
1.00292
0.997573
1.03479
0.964499
0.971388
0.969912
1.05082
1.02712
1.00427
1.01418
1.0258
0.987047
1.01741
1.02526
0.981609
0.939475
1.06671
0.990373
1.03533
0.958603
1.05691
1.04044
1.05494
0.996217
1.02444
0.984123
0.988955
0.961322
1.00813
0.97587
0.992354
1.01905
1.00739
0.998103
1.03022
0.946627
1.02851
0.982162
1.06549
1.01862
1.06854
1.00192
1.00435
1.04068
0.965221
1.00777
1.00046
0.984554
0.99728
0.980525
0.949117
1.05793
1.00328
1.07807
0.999099
1.02733
1.02696
0.965728
1.00462
0.956281
0.936744
1.01632
1.04072
1.03319
0.971817
0.96687
1.03209
0.978734
1.01627
1.02465
1.0424
0.98506
0.983698
1.0141
1.00261
0.988903
0.961139
0.980596
1.00148
1.02175
1.04243
1.02645
1.01273
1.00091
1.04601
0.981599
1.02182
0.945357
0.974576
1.00896
0.992267
0.994065
1.05871
1.00719
0.956825
1.00665
0.910158
0.981895
1.03328
1.0309
0.994283
1.00052
1.02993
0.981735
0.985065
1.02384
0.967453
0.959345
1.00833
0.972524
1.10169
1.04799
1.05561
1.01862
0.951032
1.05799
0.966684
0.956075
0.970261
1.00166
1.0257
1.00708
0.939706
0.968828
0.995627
0.969469
1.01208
1.05734
1.02332
0.971912
1.06885
0.950945
1.06332
0.97516
1.04063
0.979262
1.02374
0.998921
0.94652
0.992015
1.03192
1.0096
0.997809
1.01678
1.00886
0.991194
0.962684
0.958302
1.08819
0.984146
1.00359
0.982271
1.00579
0.983504
1.03265
0.948448
1.01539
1.00704
1.02567
1.03881
1.04196
0.977955
0.981825
0.965306
1.03884
1.00742
1.01391
1.01239
1.06187
1.00179
1.01012
1.01177
1.06055
0.979906
1.06525
0.958326
1.00304
1.08034
1.02207
1.02147
0.970445
1.01358
0.965975
0.974887
1.04694
1.02318
0.982374
0.952352
0.978965
0.962671
0.960278
1.01573
1.00548
0.947474
0.973116
1.0102
1.06283
0.978994
0.925592
0.958173
0.929865
1.00237
1.01888
0.915218
1.07082
0.987705
1.06046
1.00471
0.920261
0.923427
1.02178
1.02002
1.02192
0.966795
1.0238
0.993015
1.02397
1.03523
0.99632
0.939093
0.993846
1.0377
1.02578
0.952353
1.01855
0.98934
0.984342
0.971143
0.998174
1.02062
0.99374
1.0054
0.97322
0.963119
0.992025
1.00737
1.0011
0.991572
0.982151
0.979122
0.99553
0.959763
1.02634
0.984974
1.02552
0.947489
0.981706
1.07467
0.970092
1.02989
0.98367
0.951088
1.00807
0.986256
0.990152
0.979657
0.981407
1.02976
1.03968
0.941627
1.02476
0.969048
0.963932
1.05426
0.977339
0.949051
1.03998
0.968189
1.03061
1.04394
0.998998
1.05446
1.01449
0.995078
0.99593
1.00311
1.08383
0.98474
0.951738
1.01439
0.968433
0.94895
1.06546
0.926365
1.01284
0.993106
1.02024
0.96136
0.923071
1.03462
0.996554
1.02281
0.961666
1.00301
1.04105
1.02459
0.989564
0.972576
1.00619
0.957443
0.982146
1.0175
0.991933
1.07136
1.00713
1.00557
0.952637
0.995
1.04387
1.01293
0.960102
1.03643
0.94671
1.02592
1.06213
0.940566
0.992995
0.960902
0.968607
1.00547
1.01818
0.947185
1.02811
1.01653
1.00187
1.00668
1.0033
1.02569
1.00664
0.921203
1.04654
1.0431
1.05719
1.00092
1.00873
1.03098
0.998208
1.02004
0.99497
0.990675
1.032
1.04127
1.06456
0.990832
1.01919
0.962124
1.01018
1.03939
0.991298
1.00934
0.970137
1.0375
1.05814
1.00374
1.01113
0.975968
1.01351
1.04345
0.964664
1.00547
0.996527
0.988237
1.02716
0.993157
1.01249
1.00937
1.00673
0.984494
1.03183
1.02314
0.993905
1.03577
1.01992
0.989069
1.00627
1.03976
1.0043
0.970368
1.08489
0.939466
0.938438
0.953937
0.980022
1.02163
1.05374
0.977158
1.01464
0.94164
1.05121
1.06148
0.933943
1.01992
0.958547
0.921276
1.02741
0.998687
0.944178
0.952595
1.00732
0.970449
1.02412
1.03438
1.00224
1.03964
1.03268
1.07252
0.97647
0.980391
1.06714
1.03929
1.0222
0.97375
0.962558
1.01387
1.05302
0.979413
0.982727
0.988307
1.01451
0.984087
1.07289
1.01407
0.973855
1.06521
0.988054
0.900831
1.01602
0.958609
1.00537
1.02486
0.943946
1.00628
0.990495
1.02855
1.0311
1.0051
0.998095
1.01342
1.03398
0.995129
0.959195
1.00561
0.99746
0.977471
1.05662
1.0388
1.03265
1.01498
1.00284
1.00996
1.01181
0.982755
0.933627
1.01984
0.995724
1.00886
0.962004
0.967986
1.00868
1.02314
0.993286
0.960827
1.03442
0.917268
1.0305
1.07414
1.01037
1.03119
0.936853
0.956449
0.989742
1.08014
0.961593
1.06449
0.988276
0.989005
1.02467
1.00167
0.953982
0.952059
0.979922
1.02095
0.990311
0.937458
1.03073
0.991305
0.971207
0.991511
1.04452
0.979129
0.981628
0.976714
1.00083
0.968615
0.963475
0.965966
0.960833
0.990043
1.06777
1.00585
0.94985
0.912483
0.937104
0.981616
0.948435
1.01414
1.02181
1.01769
0.944504
1.03462
1.02124
0.969481
0.969131
0.951559
0.985374
1.0469
0.987268
1.02733
1.03568
1.00653
0.965244
1.05246
0.955984
0.965514
1.01484
1.02571
1.03305
0.940862
1.00471
0.943888
0.99309
0.963592
0.962182
0.970117
1.02258
0.941341
0.996543
1.0685
0.928819
0.971094
1.00004
0.986898
0.94662
1.0462
0.95889
0.961849
0.988668
1.00758
1.00489
0.984872
0.937202
1.036
0.998942
1.00362
0.953438
0.975078
1.01799
0.903777
1.04737
1.0271
0.973584
0.946584
0.958428
1.02399
1.03378
1.05414
1.01298
1.02751
1.03921
1.03673
1.03092
0.98465
1.0165
0.954834
0.969257
0.942912
0.950799
0.947595
0.997394
1.0222
1.05102
1.0112
1.03729
0.937955
1.04208
0.990551
0.997094
0.942938
1.07712
1.02874
0.97299
1.01249
0.997573
1.03534
0.994744
1.05568
1.02658
1.05472
0.897253
1.06166
0.94916
1.07798
0.953161
0.976544
1.02535
1.01581
1.01053
0.941392
0.982273
1.03998
0.973457
1.00879
0.988089
0.931837
0.998148
1.02454
1.00243
0.949401
1.07977
1.03085
1.01249
0.993096
0.967965
0.974182
0.999267
1.06517
0.954529
1.03265
1.03392
1.03432
1.01564
0.997728
0.991615
0.969302
0.94429
1.00909
0.968626
1.03059
1.02664
1.01617
0.975207
1.02187
0.941921
0.957893
1.01365
0.946736
1.02972
0.980829
0.968563
1.02518
0.978736
1.03257
1.0384
1.03105
1.04117
1.0193
1.0184
0.933849
1.02403
1.0616
0.97602
1.03157
1.01381
1.01193
0.975062
1.06503
1.03289
0.938853
0.983141
1.01331
1.0444
0.977802
0.964755
1.02257
0.93598
1.02629
0.956246
0.987178
0.957818
1.07915
0.988477
0.962136
0.996291
0.969106
1.00825
1.00824
0.961702
0.963917
0.953153
0.970332
0.971245
0.988842
0.938832
1.02827
0.979531
1.00843
0.940975
1.03544
1.0123
1.03519
0.993984
0.988746
0.984904
1.04567
0.983064
1.13419
1.01452
1.01993
1.0031
1.04938
1.01749
1.01059
1.00198
0.978521
1.00011
0.967764
1.00581
0.987241
1.01007
1.00102
0.981188
1.02267
1.01182
1.00689
1.03219
0.926186
1.01625
0.979649
0.989911
1.05847
1.01756
0.983032
1.02542
0.980026
0.986369
1.00684
0.995425
0.998853
0.94936
0.964172
0.965798
0.989471
1.02102
1.01594
0.970874
0.944366
1.02443
1.00204
1.012
1.03525
0.97298
0.998117
1.02014
1.05044
1.0348
0.95566
0.9945
1.00558
0.954413
0.983119
1.00003
1.04282
0.965927
1.05295
1.00015
1.05649
1.03505
1.00604
1.01257
1.03778
1.03931
0.994335
1.05677
1.00714
1.01786
0.946331
1.07135
1.04698
0.987671
0.9952
1.06485
1.06881
1.04709
0.988934
0.972835
1.04797
1.00038
1.06133
1.00855
0.968339
1.06292
0.951135
1.01051
1.00681
0.963216
1.00303
0.953314
0.979894
1.02908
1.04373
1.01416
0.93684
0.978289
0.986695
0.991645
1.02798
0.98579
0.978259
1.02822
1.03778
0.975268
0.955252
0.992723
0.970666
1.02548
0.965759
1.02413
1.01612
0.968965
1.00577
1.01059
1.07048
0.99045
0.996779
0.982412
0.992182
0.944035
0.949441
0.966464
1.00434
0.97013
0.971584
0.979274
1.01044
1.03801
0.983369
0.99773
0.948122
0.943604
1.00667
1.03365
0.974976
1.01206
1.00461
1.02102
1.0182
0.949736
1.03338
1.04738
0.950202
1.0597
0.952746
1.0072
0.965539
0.975702
1.08427
0.994355
0.960262
0.958514
0.952075
1.00539
1.01245
0.979837
1.01987
1.05151
1.00762
1.02472
1.01975
0.999862
0.967764
0.954392
0.982662
0.974911
1.00163
0.97546
1.02959
0.936462
1.03203
1.0041
1.04485
1.03691
0.975925
1.04716
1.01386
0.949466
0.990591
0.995434
0.998033
0.937052
1.02694
1.00075
0.94614
1.02696
0.942966
1.02993
0.985187
1.00957
0.950203
1.00469
0.973445
0.957399
1.02208
1.04137
1.01726
0.965084
1.02966
1.04152
1.00054
0.980946
1.0386
1.02497
0.995312
1.02343
1.0161
1.01144
1.0678
0.976601
0.973956
1.05145
0.930833
1.0064
0.997332
1.04352
0.930522
1.07251
1.04478
0.969652
1.00504
1.03695
1.02624
0.991954
1.00278
1.00406
0.934794
0.994282
0.93717
0.988298
0.994249
1.03893
0.991377
1.00728
0.974825
0.977223
0.959532
0.993037
1.01809
0.979749
0.970463
0.951695
0.985821
1.0126
0.919204
1.03256
0.994883
0.96118
0.964631
0.954638
1.0229
1.0119
1.00568
0.998042
1.06419
0.982403
1.02946
1.03658
0.95905
1.01783
1.01078
0.971622
1.05418
1.03714
1.05588
0.982263
0.940054
1.02624
0.980314
0.964477
1.00592
1.0306
0.980173
0.969315
0.994078
1.00587
0.95308
0.976213
0.951163
0.991129
1.03813
1.08993
1.00928
1.00053
1.03404
0.97961
0.974811
0.975928
1.0257
1.00915
1.02569
0.980488
1.00283
1.00302
0.937677
1.01909
1.01933
1.0343
0.958876
0.997226
0.949358
1.01199
0.92648
1.03212
1.07988
1.00529
0.990346
1.03364
1.00346
1.0197
0.973998
1.03818
0.999747
0.97187
1.00426
0.995748
1.02173
1.00142
1.07358
0.980644
0.96788
1.00956
1.0693
0.997004
1.00011
0.960534
0.992439
0.981097
0.973745
0.980742
0.962611
1.0028
0.991138
0.971724
0.963847
1.05031
0.994146
0.975487
0.952687
1.0786
1.02522
0.902759
0.937872
0.998536
1.0106
0.997899
1.03698
0.980831
1.01913
0.984956
1.06583
0.95926
0.940877
1.00427
0.979554
1.01842
0.965199
1.01165
1.05621
1.01165
0.982211
0.982931
0.973925
1.00137
1.02677
1.00606
1.01621
1.00707
1.01304
0.962838
1.01958
1.00331
0.966884
0.989459
1.05311
1.00913
1.02
0.989025
1.00665
1.00505
1.02768
1.00867
1.01819
0.964261
1.01859
1.0015
0.995583
0.983077
0.989942
0.985456
1.01054
1.06485
0.954587
0.958032
1.03417
0.972983
1.03275
0.954164
1.00586
1.04707
1.02145
1.00063
0.998675
0.986457
0.994438
1.03612
1.04761
0.992731
0.985436
1.05169
1.01065
0.958826
1.03144
0.919052
0.97066
0.99094
1.04004
0.989099
0.96518
1.00142
0.991259
0.957071
0.988584
0.937513
1.02629
0.952084
1.01362
0.943381
0.977783
0.974993
1.02024
0.984047
0.983589
1.01378
1.00073
0.99864
0.97739
1.03666
0.959796
1.02939
0.931058
0.981616
1.02201
1.077
1.02909
0.983192
0.935396
1.01874
1.01072
1.00253
1.00633
0.920358
0.99727
1.02031
0.983548
1.04757
0.998539
0.974345
1.0355
0.944688
1.02941
0.989776
1.00355
0.995571
0.974612
0.97418
0.991186
1.04641
0.949067
1.01115
0.981498
1.01129
0.986931
0.996364
1.0509
1.01129
0.973131
1.03052
1.00866
1.0132
0.985196
1.02157
0.991793
1.05333
0.995381
1.03957
0.964774
1.02897
1.01926
1.01959
1.0254
0.98808
0.964465
0.967083
0.948887
1.03102
1.02951
1.00881
0.944471
1.03146
0.939485
0.965316
1.02242
0.963931
0.997532
0.982811
1.00333
1.0308
0.982793
0.954175
0.983823
1.03215
1.01572
1.01317
0.92693
0.965959
1.01064
1.05399
0.949173
1.03016
0.995928
1.03961
1.01684
0.979048
1.00809
1.04616
1.01962
0.996908
1.00635
1.01246
0.982677
0.972338
0.95129
0.999463
1.00981
0.969851
0.994965
0.978326
1.0039
0.918689
0.981664
1.04487
1.02928
0.997985
1.0287
0.975513
0.976629
0.9843
1.00891
0.966215
0.984527
1.02799
0.971482
1.01483
1.02399
0.991442
1.06431
1.01571
1.0253
1.01232
0.97782
1.00744
1.0384
1.02352
0.998221
0.988654
1.01049
1.00636
0.945418
1.07676
1.00586
1.07602
0.948563
0.993451
0.968917
0.959769
1.01389
1.05537
1.00448
1.03627
0.968571
1.025
1.02052
1.00066
1.04524
0.959097
1.05538
0.974664
1.00894
1.01101
1.00459
0.888411
0.980123
1.0516
0.999531
0.984702
1.05668
0.979044
1.01754
1.04571
1.02873
1.02304
0.998077
0.959985
1.02781
1.00689
1.02172
1.01464
0.986475
1.03086
1.00302
0.968716
1.03849
1.01952
1.00501
1.00362
1.01083
1.02566
0.963951
0.974723
1.06643
0.971019
1.05376
1.00924
0.932982
0.959819
0.955044
0.98997
1.02978
1.00734
0.979504
0.998052
1.01478
1.05384
0.96679
1.00211
1.05708
1.00217
0.987491
0.955859
0.969986
1.01596
0.973744
1.03057
0.984408
1.00409
1.0631
1.00316
0.995954
1.01018
1.00588
0.981906
1.06255
0.95753
0.967657
0.960997
1.01301
0.957422
0.966409
0.979834
1.02441
0.981887
0.971875
0.917075
0.958264
1.01986
1.02526
0.94822
0.939606
1.00923
0.97566
0.981245
0.967542
1.0393
0.978418
0.99325
0.985068
1.08302
0.96792
1.00265
1.02158
1.00996
1.05759
1.03951
1.03543
1.05395
1.02422
0.903608
0.977838
1.06646
0.976122
1.0075
0.971272
0.948458
0.966688
1.03184
1.02861
0.98657
1.0218
1.00411
0.975989
1.00393
1.01195
1.0259
0.971044
1.03724
1.02032
0.971512
0.946489
0.984232
0.972419
0.959287
1.01003
1.01883
0.986546
1.0023
0.992517
1.04804
0.960035
1.02796
0.978666
1.07487
1.03307
1.0332
1.01985
1.03721
0.974756
1.03654
0.973713
1.02941
1.03011
0.94425
0.996242
0.90488
0.976311
1.04867
1.02594
0.992017
1.01597
0.98914
1.00978
1.0493
0.961754
1.00031
0.965984
1.03021
0.992083
0.996024
1.01692
1.04862
1.04193
0.970956
1.00145
1.02284
0.979713
0.989522
0.981755
1.00901
0.941668
0.998925
0.961902
1.01346
0.985033
1.06974
0.996603
1.00245
1.04101
0.998487
1.0306
1.01591
0.997326
1.01489
1.00316
1.0009
1.01885
0.951974
0.997367
1.03773
0.983215
0.988066
0.977642
1.03352
0.989517
1.01259
0.992574
1.0115
1.01638
0.965737
1.02196
1.03879
1.02794
0.967542
0.969474
1.09222
0.976856
1.0229
0.982885
1.02552
0.960798
0.962587
0.998504
1.00122
0.942457
1.01974
1.05444
1.0058
0.973595
1.00896
0.976824
0.941764
1.02017
0.999855
1.04577
0.973145
0.972079
1.08061
1.00902
0.989179
0.973449
1.0144
1.05911
1.01292
1.02163
0.974982
0.953828
0.981258
0.994717
0.975971
1.01908
0.99599
0.938881
0.934225
1.01441
1.07119
0.944869
1.00047
1.05779
1.02225
1.06051
1.01944
1.04809
1.03479
0.957765
1.045
1.00985
1.00976
1.04405
0.98527
1.01645
1.00942
1.00742
1.01789
0.995698
0.982723
0.973013
0.932011
1.02461
0.989336
0.973232
0.978284
1.03868
0.976822
0.998812
0.959444
0.945894
0.973946
1.04605
0.988936
1.06606
1.0302
1.06056
0.992898
1.00067
0.978534
1.01957
0.973165
1.01814
0.967953
0.992523
0.948413
0.940287
0.978524
1.03157
0.962525
0.954997
0.993019
1.0151
0.997674
0.915771
0.956144
0.989356
1.09962
0.943086
0.980266
0.999542
1.01276
0.975547
0.975507
1.03032
1.03249
1.02065
0.962919
1.00923
0.988941
0.982459
1.01835
1.02514
0.960874
1.00954
0.97686
1.04038
0.980752
1.01816
0.966527
1.02243
0.999765
1.02241
0.934307
0.989549
0.995357
1.01277
1.06726
0.99776
0.984111
1.04388
0.977821
0.984651
1.05186
0.977378
1.0054
0.909408
1.02857
0.914202
0.984918
0.999034
1.01124
0.982515
1.0092
0.969383
1.0315
1.00348
0.969297
0.970129
0.994544
0.973719
0.941987
1.03043
0.996674
0.972453
0.930278
0.984765
1.00208
1.01837
1.01446
0.965593
0.955958
0.996071
0.963526
0.95475
0.990959
0.976662
1.0556
1.02093
1.03367
0.999335
1.03212
0.982983
0.968171
1.00303
1.01159
1.01397
0.950022
0.997494
1.00396
0.930079
1.01885
0.992571
0.968913
1.01418
0.999914
1.04579
0.955791
0.947608
0.95704
1.00329
0.994734
1.01653
1.00922
0.986626
0.951145
0.994823
1.04078
1.03227
0.965975
1.05419
0.992708
1.0114
0.969074
1.01312
0.982341
0.961664
0.980574
1.03382
0.967991
1.00614
0.979296
1.01359
1.03207
1.02835
0.912387
0.967446
1.02261
0.988373
0.990068
0.997463
0.990466
1.03002
1.01165
0.982513
0.993026
1.03874
1.02404
0.959331
0.925249
1.03595
0.990611
1.01029
0.990795
0.931698
1.02209
1.04456
0.980793
0.992124
0.990191
1.00376
1.06288
0.960483
1.04261
1.0041
1.00252
1.02465
1.00417
0.968691
0.985413
0.999767
0.903757
0.959988
1.02859
1.00383
0.988535
1.00384
0.984858
0.946746
1.02966
0.989914
0.99192
1.04148
0.981769
0.976571
0.958023
1.04355
1.01999
0.963537
0.98334
0.977366
0.959712
1.04474
1.00322
1.05294
1.01853
1.00755
1.00639
1.01624
0.878756
0.927507
1.0889
0.994074
0.974194
1.07963
1.02866
1.07661
0.957563
0.971736
1.04421
1.01499
1.00138
0.985561
1.05025
0.958532
0.973311
1.03273
1.04976
1.03029
1.06946
1.027
1.02453
1.04757
0.988796
1.01919
1.02169
0.990864
1.0034
1.03255
0.967
1.02635
0.983188
0.967721
0.972926
0.976202
1.02592
1.00513
0.948259
0.959915
1.02439
1.05214
1.04269
1.04615
1.04718
1.00083
1.04087
1.01237
1.00997
1.05576
1.02541
1.04252
0.93965
0.98625
0.976007
0.977693
0.959088
0.93844
1.01624
1.03302
0.94422
1.02361
0.978697
0.933572
0.987801
0.998302
0.983116
0.946403
0.991184
0.965961
0.964137
0.983284
0.96478
1.0766
0.904791
0.977572
0.990621
1.03146
0.990862
0.997204
0.966863
0.999991
0.946706
1.0701
0.979171
0.95632
0.974725
0.987734
0.98203
1.00545
1.00038
1.03119
0.983321
0.982814
0.987822
1.0589
0.97144
1.04013
1.07936
1.01393
1.02456
1.01575
1.02471
0.974024
1.02261
1.03277
0.994965
0.996248
1.07702
1.07627
0.941945
0.989818
1.02706
1.00983
0.966071
0.957422
0.978842
1.05544
1.02649
1.00845
1.01937
0.938911
1.04631
1.00978
1.03885
1.02234
1.08534
1.02776
1.00563
0.983561
1.02902
1.00452
1.00758
1.02616
0.998732
1.00922
0.961057
0.980949
1.07177
1.01294
1.04063
1.04441
1.01841
0.959484
0.978102
0.969635
0.93962
0.994023
0.992352
1.07138
0.976707
0.960015
0.921831
0.984771
0.99329
0.999631
1.02411
1.02224
0.937628
1.0046
1.02692
1.00798
1.04552
0.950166
1.01796
0.993947
0.975946
0.980884
1.01567
0.984803
0.96822
0.951334
0.973393
0.962781
0.998854
0.979049
1.01758
0.920265
1.0179
0.915428
0.944734
1.00694
0.996601
1.04834
1.05901
0.993869
0.96651
0.91351
0.994634
1.01382
1.03217
0.969235
0.93235
1.00405
1.05707
0.958211
0.956515
1.00217
1.01559
0.959105
1.02491
1.05197
1.08725
1.00588
1.05189
1.09142
1.00343
0.979395
0.973956
1.04359
1.02523
1.01873
1.00627
1.01483
0.97342
0.973837
1.02628
1.08013
0.995995
0.96547
0.982438
0.985325
1.01793
1.01921
1.00785
0.966616
1.0343
0.961466
0.978628
0.952061
0.938117
0.978382
1.01931
1.01223
0.989225
1.03529
0.999241
0.977921
1.05678
1.0442
1.02151
0.964054
1.00763
0.930095
0.998464
1.01397
1.01474
0.9857
1.00312
1.01732
1.01068
1.04181
0.966053
0.959959
0.951262
1.02522
1.00997
0.975778
0.988244
1.01987
0.977285
0.944966
1.03511
1.03281
1.02455
0.954057
1.05928
0.950311
1.03066
0.988343
0.999115
0.968651
1.02292
1.05491
1.02069
0.988913
0.973769
0.978472
0.942491
0.992332
1.02744
1.02699
0.96342
0.94912
0.973236
1.02021
0.984051
0.980881
0.995834
0.977504
0.984065
0.968215
0.983894
0.982314
0.940641
0.984608
1.04216
1.0155
1.01308
0.964802
1.00744
1.00166
1.00078
1.01265
1.00454
0.967511
0.931648
0.932753
1.02208
1.00125
1.01457
1.03254
0.941913
0.993192
0.962597
0.926091
1.01769
1.03639
1.02301
1.05521
0.975148
0.973982
1.00684
1.04339
1.02722
0.985494
0.960374
1.00791
0.985447
0.990495
1.01878
1.01143
1.05141
1.02654
1.06204
0.995629
1.04227
0.988526
0.97412
1.02932
0.947772
1.01394
1.00766
0.998675
0.996981
1.06831
0.987448
1.02082
1.00405
0.994453
0.992313
0.973066
1.04616
0.997805
1.02097
0.963959
0.998598
1.02666
0.993198
1.00086
0.964109
1.01269
0.992868
0.947086
0.938886
1.03643
1.01926
1.01514
0.975969
1.03734
1.02684
0.959793
1.06874
1.00961
0.973346
1.01219
0.974405
0.964809
1.05574
1.01446
1.03065
1.03818
1.02983
0.99544
1.00929
0.99755
1.0249
1.04121
1.01331
1.01957
1.03192
0.978486
0.992259
1.06225
1.0472
1.00309
0.993457
0.975012
1.05182
1.03036
0.994395
0.970438
0.994283
0.939861
1.0166
0.993195
0.966165
0.996316
0.999605
1.028
0.964836
0.935029
0.907524
1.01494
0.967938
1.03119
0.933264
1.02266
0.965974
0.933285
0.977343
0.976096
1.02507
1.01684
0.995871
1.02986
0.948235
1.07466
1.01101
0.95744
0.984013
0.990789
1.06435
0.987152
0.984067
1.00368
1.00208
0.995781
1.00304
0.995409
0.98953
1.01773
0.972921
1.043
1.06713
0.943147
1.029
1.00727
0.969377
0.997844
1.03033
0.993893
0.949705
1.0913
1.03017
1.06371
1.03043
0.984521
1.02563
1.06722
1.01976
0.97199
0.950059
0.974508
1.01766
1.02201
1.0186
0.998383
1.05177
1.06956
0.980455
0.994876
0.986586
0.976704
1.03022
1.0218
1.03973
1.01504
1.01704
1.00786
0.899114
1.08203
1.00989
1.02194
1.02195
0.980987
1.05033
0.992848
0.953639
0.946964
1.00412
0.952933
1.01781
1.00079
1.00314
0.996881
0.999497
1.02862
1.01101
0.966485
0.990366
0.905256
0.920254
0.964257
1.02207
0.992376
1.05749
1.03935
1.00154
0.999894
0.939247
1.04377
0.956268
1.02735
0.993702
1.04419
1.01491
1.04618
1.04413
0.932739
0.98192
0.995614
0.975154
0.9473
0.927144
1.04105
0.947053
0.987075
1.01024
1.06516
0.962016
0.979455
1.01487
1.00169
0.968589
1.00299
0.920509
1.04123
0.96473
1.0883
1.0627
0.944027
0.997001
1.07914
1.00792
1.02926
0.981272
0.971907
0.997573
0.956362
0.979092
1.01933
1.03912
0.96299
0.994861
1.0058
1.00265
0.967635
1.04687
1.02102
0.956285
1.06503
0.993384
1.02818
0.963503
0.986338
1.03649
0.946595
1.08789
0.971468
0.917559
0.942901
1.0018
1.04227
1.01093
1.01008
1.02507
0.913948
1.01098
1.03832
0.980205
1.062
1.02428
0.961374
1.04519
1.04868
0.985007
1.03564
1.06542
1.01028
1.01756
1.01088
0.963236
0.953403
0.991161
0.910053
0.984664
0.977608
0.97041
0.976613
1.04905
0.99354
1.03404
0.960697
0.987388
0.960217
1.01887
0.992764
0.9954
1.02874
0.998872
1.01599
1.00416
0.994684
1.02427
1.02594
0.975579
1.04794
1.02169
1.05183
1.01885
1.03331
0.969771
0.996931
1.04358
1.02154
0.934826
1.00103
1.04167
1.02921
1.0019
1.02307
1.03233
0.956869
0.941316
0.977136
1.06665
0.983637
0.969088
0.993801
1.01867
0.939705
0.964414
0.9764
0.961232
0.985749
1.03123
0.999014
1.07382
1.04036
1.04313
0.985978
1.05484
1.07692
1.01324
0.961428
1.00293
0.953748
1.00777
0.961764
0.981271
1.00279
1.03466
0.938651
1.00359
0.963553
1.04268
1.03804
1.00656
1.00942
0.960357
0.982383
0.980662
1.01748
0.992872
0.925017
0.949335
1.04171
1.01597
1.01854
0.965076
1.05984
0.996572
1.06172
1.07385
1.02347
0.976901
1.04077
0.960037
0.932434
1.04263
1.04601
0.967102
1.0185
0.987983
1.05584
1.04075
0.98257
0.975259
0.916239
0.962073
1.02012
0.967728
0.990519
1.03333
0.976976
0.947114
1.04603
0.957784
1.04883
1.03569
0.960318
0.998606
0.975932
1.05976
0.96803
1.03669
1.00615
0.985616
1.00786
1.03564
0.96732
0.989367
1.02244
0.99716
1.03081
0.994217
1.02788
0.960289
1.02433
1.02039
1.01576
1.00133
1.00417
1.04707
0.994815
0.922302
1.00738
0.995601
0.96482
0.983238
0.976385
1.00565
0.952841
1.02851
0.987146
1.03695
1.03181
0.966384
0.987081
0.990314
0.927791
1.03734
0.985707
1.02257
0.997676
1.00069
0.962407
1.01218
0.971332
1.03308
0.981664
0.960528
0.965242
0.958273
0.987664
1.00926
0.958264
0.989361
0.981375
1.02996
1.02197
1.01944
1.02432
0.945334
0.96712
1.03706
1.00359
1.00726
1.07755
0.94243
0.995214
0.998217
0.985777
1.00082
1.00749
0.971311
1.07878
1.00974
0.984932
0.984107
0.994743
0.930674
1.03072
0.95824
1.03593
1.00729
1.05602
1.05988
0.966664
0.992089
1.00482
0.978127
1.00536
1.06257
1.01748
1.00895
0.999996
0.97582
0.998933
1.03574
0.967197
0.984164
0.972044
1.01219
0.997455
0.952293
0.925653
0.98086
1.01897
0.964583
0.999132
0.971834
1.01781
0.96548
0.944527
0.965762
1.04543
0.971479
0.959047
0.988703
1.0297
0.958107
1.05419
0.977466
1.00381
1.03567
0.960258
1.05363
0.979736
1.01512
1.04013
1.07102
0.994522
0.984521
1.00446
1.00606
1.03
1.02085
1.08493
0.960257
0.962736
1.03364
0.995357
1.00723
0.992899
0.953622
1.0198
0.949153
0.98022
1.02906
0.973988
1.00399
1.01219
1.04538
1.02308
0.954477
1.0746
1.03288
0.986613
0.964357
0.980834
1.05907
0.995942
1.02063
1.03272
0.94945
0.987323
0.969753
1.01161
0.934405
1.01406
0.973525
0.96296
0.979106
0.979647
1.09263
0.992024
0.982876
1.03592
1.02865
0.994643
1.01755
1.07518
0.999103
0.999036
1.00015
1.04543
1.05183
1.01165
0.992947
0.983058
0.987312
0.988854
0.997524
0.982602
1.06607
0.989049
0.97634
0.992476
0.935645
0.953554
1.03112
0.95198
1.00982
1.01945
0.973867
1.05445
1.01755
1.00024
1.01632
0.988596
0.977634
1.00754
0.973288
0.976598
1.04661
1.02278
1.05682
0.988028
0.96662
0.980433
0.970673
1.00235
0.982922
1.0211
1.05393
1.07043
1.01767
1.00102
1.00771
1.00712
1.00902
0.973863
1.01463
1.03684
0.995339
0.954402
0.925149
1.00736
0.969584
1.00093
0.965958
1.09206
1.01754
1.04069
1.03561
1.02534
1.00003
1.03374
0.991014
0.999084
1.03359
1.04207
1.04444
0.996316
0.952709
0.999898
1.01032
1.021
1.02497
1.01546
0.992164
1.02366
0.98442
0.930697
1.01309
0.993438
0.977905
0.984608
1.00006
1.00529
1.00731
1.02878
0.976058
1.02717
0.97477
1.02099
0.961433
0.969502
0.961677
1.00539
0.922051
0.988279
0.987373
0.912559
1.03446
0.98842
0.925903
1.03318
1.05447
1.01305
0.971273
1.03368
0.992442
0.970464
0.976982
0.933429
1.0345
0.986712
0.974897
1.0387
1.03522
1.01737
1.01462
0.958867
0.986524
1.05945
0.997437
1.05169
0.99627
1.04108
0.997601
1.02697
0.977374
1.02897
0.973617
0.943416
0.966637
0.935948
0.971684
0.997228
0.996223
0.965938
1.02938
1.00773
0.958796
1.02238
1.03072
0.952024
0.924791
1.06434
1.04191
0.925979
1.06952
0.980147
0.966325
0.980426
1.06988
1.00631
0.99653
0.959792
1.0567
1.0028
1.04208
1.00416
1.03205
0.979789
1.00402
0.983903
1.06812
1.04119
0.922796
0.982795
1.00061
1.00281
1.01184
1.05558
0.984407
0.999276
1.00068
0.984823
0.938347
0.954247
0.999698
0.971869
1.00704
1.00925
0.981547
1.00888
1.00054
0.933297
1.04011
1.03358
1.04113
1.05641
1.03633
0.925286
1.02741
1.01179
0.947745
0.983551
1.01326
1.00075
1.00996
0.957379
0.980791
0.995971
1.0115
0.981787
1.03726
0.990991
0.978115
0.923526
1.03106
1.00376
0.932516
0.996035
1.01617
0.971622
1.00197
1.03203
0.977524
1.02704
0.979662
0.914734
0.956244
0.925401
0.970674
1.01503
0.952968
1.06265
1.07558
0.999112
0.992082
1.02243
1.08693
1.0454
0.999242
0.988154
0.980581
0.989142
0.997818
1.00424
0.981647
1.06367
0.968942
0.959783
1.01658
0.983102
1.01139
1.01078
0.976787
1.01321
1.0487
1.06758
0.995242
1.00767
0.968702
0.983703
0.998589
1.00715
1.01102
1.03214
1.01252
0.997026
0.973638
0.96946
1.01698
1.01564
1.06356
1.02819
0.965405
0.962552
0.977862
1.06617
0.985723
0.998081
0.972468
0.985938
1.01252
1.00593
0.965768
0.956977
1.03725
1.04205
1.00102
1.02507
0.919946
1.00425
1.07316
1.0113
0.917472
0.937513
0.970782
1.00409
0.965253
1.05944
1.01043
1.03215
0.971224
0.95132
1.01666
1.0286
1.02353
0.974324
1.04764
1.0083
0.993678
0.964671
1.00257
1.00582
0.930866
1.05143
0.997285
1.09463
1.03369
0.957828
0.992307
0.985916
0.97591
0.999135
0.994383
1.0739
0.992653
1.03969
1.02463
1.0238
1.01264
0.974965
1.02034
0.968523
0.935002
0.974598
1.02804
0.954273
0.958995
1.01448
0.987906
1.00301
0.951124
0.959729
1.00227
0.9835
0.98443
1.01562
1.00285
0.950244
1.00986
1.02399
0.978292
1.05924
1.00517
0.98854
0.955974
1.01954
0.971887
0.965189
1.05466
0.998617
1.03409
1.03995
0.906013
0.974937
1.00864
0.998661
0.98906
0.979908
0.985096
0.990608
0.964695
1.10348
0.98063
1.00623
0.976036
0.973507
1.02102
1.05786
0.969953
1.00257
1.01188
1.02869
0.993157
1.05187
1.02424
1.05721
0.99786
1.03058
0.958416
0.996338
1.00418
1.01164
0.989217
1.03662
1.04257
0.992657
0.995388
0.921443
1.03298
1.02087
1.01464
0.991368
0.929037
1.03579
0.992681
0.953395
1.04118
0.960622
0.95043
0.931912
0.949659
0.980421
0.982738
0.966213
0.94943
0.992684
1.08084
0.969264
1.01445
1.00463
0.97836
0.934572
1.03646
0.999381
0.975842
0.974996
1.03204
0.995993
0.966763
1.02423
1.05421
1.09122
0.994879
0.993332
0.984654
0.943947
0.960588
0.974506
0.978069
1.03434
0.921418
1.01132
0.914178
0.981812
0.995073
0.948473
1.00306
1.00428
1.0435
1.01278
0.981345
0.959542
0.959731
0.981017
1.00037
0.967693
1.01155
1.04592
1.05
1.02499
0.935204
0.962934
0.920883
0.979527
1.01067
0.989675
1.00379
0.935483
1.04512
1.01872
0.969438
1.10867
0.981154
1.0317
1.03806
0.986445
1.07669
0.925568
1.0402
1.05771
0.99396
1.04765
0.968443
0.937518
0.946507
0.99863
0.993666
1.0685
0.995562
1.00094
1.03047
0.92724
1.01662
0.987188
0.993685
1.0348
0.999678
1.01645
1.01953
0.993013
1.00872
1.05071
0.945592
1.08294
1.06774
0.976136
0.985207
0.9949
0.907479
0.996895
1.00159
0.98454
0.936901
0.978431
1.02184
0.991005
0.945604
1.01608
1.02487
0.963665
1.03626
1.04511
1.02135
0.980973
0.976734
1.03493
1.08236
0.997487
1.03774
1.00004
1.04035
1.01733
1.06028
1.04833
0.987882
1.05689
1.03666
0.966969
0.961574
1.03061
0.952111
1.07713
1.02777
1.00471
0.982826
1.00401
0.968518
0.985409
0.965044
0.968208
0.963138
1.02104
0.962694
1.04332
0.948953
1.08689
0.934746
1.00457
0.98767
0.996949
0.996421
0.933299
0.996696
1.03081
0.91225
1.02338
0.995428
1.03389
0.938179
1.0359
0.984278
0.986718
0.999754
1.09263
1.00255
1.00035
1.02274
1.07511
1.00246
0.954931
1.00523
1.04438
1.01208
1.10962
1.02443
1.03227
1.01903
0.966959
0.910996
1.08001
0.945273
1.05346
0.959696
1.00958
0.956051
1.00084
0.965574
1.07253
0.968596
1.05727
0.957086
0.983128
1.00782
0.980362
1.09537
1.00658
0.963495
0.995933
1.04635
1.03895
1.03451
1.03645
0.967055
0.945049
1.07885
1.08165
0.989132
1.08009
1.0283
0.995388
0.965059
1.00256
1.07877
0.986867
0.96455
0.98029
0.975334
0.991792
0.990615
0.990542
1.02015
1.0096
0.986166
1.03339
0.992163
0.990113
1.03193
0.968122
1.02823
1.06181
0.996251
1.00019
1.00658
1.04022
0.994364
0.995099
1.03686
1.03394
1.02217
1.03064
0.986737
0.979247
1.02745
1.00397
0.976997
1.04496
0.96056
1.03272
0.986497
1.04457
1.06273
0.939016
0.895784
0.982648
1.09163
1.06942
0.978778
0.983478
0.968989
1.04752
0.975756
0.967712
1.00454
1.00812
1.03349
0.964363
0.996843
1.06938
1.04611
1.03365
0.956617
1.02555
1.01841
0.969954
1.01629
0.976448
0.960128
1.0357
1.01275
1.03797
0.9671
0.955455
0.98356
0.931446
0.932374
1.03489
1.01953
0.974893
1.04269
1.0156
0.977746
0.95591
1.03714
0.973316
1.03837
1.03337
0.984027
1.03401
1.00372
0.99709
1.0083
0.98649
0.992392
0.946391
1.04683
1.05553
0.989348
1.00002
0.950781
0.94359
0.967042
0.99086
0.986436
1.01893
1.0623
0.953796
0.993585
1.02969
0.94742
0.968128
0.905576
0.96383
0.99537
1.0295
0.996336
1.01425
0.984717
1.04324
1.07175
0.952017
1.0106
0.960147
0.989459
1.02004
0.983739
1.02412
1.03784
1.01715
0.97102
1.01714
1.02704
0.964382
0.993706
0.970706
1.05257
0.977982
1.03163
1.02867
0.979603
0.951497
0.987449
1.10225
1.0155
1.00529
0.997392
1.00809
0.996543
0.931962
0.969235
1.05411
1.01631
0.9426
1.01892
0.94656
0.989046
1.00219
0.986824
0.999283
1.0245
0.976415
1.07863
1.00908
1.02607
1.05689
0.961796
0.942606
0.95278
0.961491
1.00789
1.04218
1.0336
1.01771
0.967809
1.02144
0.948712
0.94738
0.954732
0.986692
0.965937
1.03603
1.02065
1.0836
1.02912
0.988765
0.967727
1.02169
1.0203
1.00076
1.01561
1.02208
1.00186
1.03389
1.05472
0.985252
0.977449
0.969816
0.983935
1.03172
1.01902
0.997199
1.04863
1.00145
1.00763
0.92018
1.01624
0.946426
1.03269
0.993996
1.00601
0.977331
1.03159
1.03105
0.911791
0.996261
1.03618
1.00132
1.01269
0.978344
1.00471
1.06172
0.985944
0.950477
1.02292
0.931172
0.963227
1.00149
0.994823
1.00972
1.03103
1.00023
0.995889
0.977042
1.01611
0.97189
1.05701
0.975633
1.06862
1.01792
0.939603
1.05301
1.00444
1.00031
1.00504
1.02588
0.993251
1.02832
0.981319
1.02682
1.05824
0.97672
0.971646
1.07041
1.03288
1.00304
1.01982
1.01167
1.01265
0.959708
1.05917
1.01832
0.965488
0.928412
0.943702
0.989978
0.983143
0.947057
1.04931
1.017
1.04199
0.981968
0.957576
0.955446
1.00141
1.02879
0.95552
0.978007
0.997765
1.01382
1.05421
0.995762
1.0299
1.04884
1.04228
0.973453
0.937446
1.02193
0.974688
1.00876
1.08572
0.953384
0.976286
0.958419
0.965264
0.967321
1.00488
1.0392
1.00739
0.948301
0.955997
0.976935
1.01338
1.03276
0.992928
0.991891
1.04494
1.02691
1.03695
1.01278
1.01453
0.942249
1.01153
0.955711
0.973232
1.03748
1.01459
0.941732
0.975538
0.994792
0.962312
0.971058
0.999076
1.00375
0.982751
0.985657
1.0319
0.985751
0.970678
0.966046
0.99282
1.0176
1.04675
1.08546
1.04345
0.97831
0.963906
0.973743
0.99543
1.0099
0.992321
1.00067
1.07584
0.928237
0.971672
1.0624
1.05855
0.971908
0.94523
1.07668
1.057
1.00203
1.02224
1.02952
1.01671
1.03786
1.01795
1.03934
0.988609
0.980028
1.01169
1.00485
0.978193
1.00237
0.980942
0.959742
1.03356
0.981703
0.985123
1.0068
0.929273
1.01415
1.06926
0.948744
0.969503
0.992693
0.994588
0.992154
0.994897
0.978972
1.01671
1.01112
0.954254
0.971815
1.05814
1.02977
0.972919
1.01875
0.933003
0.994523
1.06435
0.943129
1.02709
1.02472
1.0138
0.988228
1.04428
1.06267
1.00736
1.05746
0.969457
0.959682
0.932962
0.986441
1.00436
1.10273
0.961228
1.00453
1.00608
0.936054
1.06041
0.968884
1.0116
0.991133
1.03933
1.00992
0.994446
1.05856
0.938003
0.940572
0.969015
1.0138
1.03346
0.894005
0.966081
0.954697
1.00178
1.00653
0.964498
1.00596
0.989593
1.01437
1.06946
1.01267
1.00813
1.00151
0.936919
0.987314
0.976515
1.02497
1.08534
1.02583
1.07873
1.02314
0.988902
1.06315
1.01265
0.975052
0.929239
1.05934
1.00237
0.985642
1.00985
0.941756
1.00088
0.999316
0.995395
1.05632
1.05787
0.974878
0.996878
0.966881
1.09666
1.01483
1.02523
0.993564
0.97341
1.01426
1.04933
1.07699
0.999409
1.06678
1.0237
1.03005
0.98886
0.997004
1.03029
1.05238
1.01874
1.0863
1.01142
0.999382
1.01027
0.994698
0.995062
1.04375
1.01205
0.922905
1.02826
0.961601
1.04768
1.00601
0.945995
1.03914
1.02794
0.952164
1.0081
0.943008
0.949081
0.987472
1.0343
0.979996
0.982141
1.0372
1.00983
0.950939
1.07829
0.988764
0.973335
1.02387
0.981764
1.00905
0.99901
1.0091
0.97884
0.977617
0.970442
1.01955
0.970819
0.981743
1.04807
1.06485
1.00375
1.02281
1.00531
0.982634
0.994766
1.00277
1.05615
1.04034
0.977181
0.996432
0.952359
0.991404
0.984259
0.954738
1.02251
1.00998
0.947537
1.00099
1.00161
0.995796
1.06641
1.04865
0.9262
0.966593
0.955698
0.988544
0.990696
0.982043
1.0262
1.03083
1.00442
1.01757
0.989447
1.04695
0.974273
1.03977
1.01103
1.04167
0.980649
1.0033
0.955591
0.934576
1.02328
0.989771
0.952614
0.91744
0.96314
1.00019
0.974365
1.00273
1.00111
0.973576
1.01707
0.983901
0.988945
1.10035
0.98187
0.934054
0.997667
0.956411
1.0022
1.05245
1.00617
0.998865
0.97959
0.978756
0.977226
1.00315
1.01648
1.06349
0.963216
0.990844
0.885147
1.07076
0.994906
1.04493
0.905191
1.00443
0.943776
1.04582
1.02771
0.988113
1.00659
0.917178
0.971263
1.04494
0.993456
0.954811
0.967307
1.08058
0.978344
0.941667
0.972375
1.06809
0.956633
0.975998
1.05638
0.996701
0.965166
1.03053
0.958379
1.04767
0.974613
1.07419
1.06302
0.952557
0.977002
1.01916
1.01231
0.998175
0.948431
0.956871
0.950652
1.00506
1.06699
0.928651
0.998987
1.03496
0.980998
1.05146
0.968454
1.04596
1.00781
0.981129
0.976703
0.998503
0.975306
1.01559
1.00395
1.06885
0.995016
1.01495
1.03778
1.07674
0.963342
1.01717
1.00956
0.964431
0.992357
0.987541
0.970854
1.01707
0.980038
0.998497
1.04567
1.02448
1.0303
1.03908
1.04786
1.00228
0.971749
0.998373
1.02564
0.994291
1.00207
1.04818
1.00249
1.03412
1.01145
0.998532
0.939475
0.964573
0.991132
1.02016
1.00148
1.03721
1.02407
1.00698
0.966169
0.958485
0.955438
1.02174
0.967317
1.03625
1.03826
1.00071
1.00643
0.995825
1.01611
0.988886
0.990984
0.988517
1.01231
1.02254
1.00645
0.998474
0.951824
1.10056
0.974443
0.985153
1.03492
0.974886
1.01977
0.996706
0.981725
1.0275
0.961463
1.07306
1.06895
0.984196
0.979891
0.981554
1.09235
1.01773
0.995363
0.945691
0.993577
1.00243
0.95997
1.01137
1.01501
0.956166
0.984727
1.03545
1.00989
0.960392
1.06963
0.965008
0.976895
1.03101
1.01125
1.04856
0.971825
0.960555
0.96343
0.959513
0.987659
1.00001
1.00005
0.97116
0.95483
0.977805
0.990434
0.987036
0.99849
1.0122
0.917679
0.957379
1.03043
1.05006
0.983282
1.07214
1.01235
1.02007
0.924839
1.00817
1.021
0.996025
1.00818
1.06523
1.02628
0.984887
1.03318
0.982297
0.981895
0.963658
0.981161
1.0597
0.95323
0.959185
1.02987
1.029
1.03423
1.04497
1.02457
1.0311
0.96804
1.05251
0.963442
1.02413
0.981979
0.931587
0.959646
0.973244
1.00745
1.01429
1.01963
1.06911
0.888936
0.989601
1.0038
0.958938
0.944886
1.0058
0.990349
1.03842
0.983895
1.02023
0.906288
1.00099
0.96739
0.932389
0.932739
1.01221
0.955669
0.980398
0.978532
0.975217
0.95148
1.07343
0.966307
1.01898
1.03598
0.991351
0.997141
0.993422
0.99723
0.999997
0.973735
1.0136
1.01947
1.03418
1.03677
1.0548
1.02722
1.01233
0.880204
1.02864
0.993102
1.03355
0.987115
0.997685
0.997156
0.96329
0.950262
0.98384
1.01757
0.99503
0.91003
0.996347
0.936564
0.975554
1.01466
0.987754
1.04885
0.957147
1.00637
0.944718
1.09715
1.00321
1.0841
1.0208
1.09931
1.01621
0.989424
0.957296
1.02625
0.955057
1.06104
1.05295
0.920819
1.02039
0.974076
1.04936
0.987151
0.982716
0.973896
1.03777
0.982649
0.906445
1.01169
1.02734
0.981539
1.02422
1.03087
0.948594
0.964742
0.940901
0.980416
1.03669
0.9992
1.03043
1.02214
1.00435
1.00995
1.02
0.988892
1.0177
1.01573
0.938068
1.00186
0.991297
0.95478
0.963306
1.00019
0.997994
1.00005
0.985033
0.999214
1.00017
0.98039
1.02146
0.997057
0.996957
1.00507
0.941997
1.07023
0.978302
0.999887
0.997713
1.03739
0.953647
1.02624
1.00723
1.01519
1.01224
0.942897
1.02882
0.984918
0.959056
0.946595
0.996582
0.973529
0.96598
0.96573
0.979452
1.02455
0.991691
0.99181
0.958783
0.97918
1.05471
0.932739
0.989136
1.0409
0.936102
1.00351
1.07961
1.03279
0.943793
0.953158
0.980477
1.01892
1.01659
1.01483
0.967518
0.995319
0.980548
0.945109
0.97341
0.998181
1.05176
1.04028
0.924472
1.03161
1.00955
0.974958
1.09682
1.04175
0.939439
1.0611
1.03824
0.938865
1.00428
0.975403
0.975919
1.07743
0.993183
0.969663
1.02659
0.980075
1.01582
0.925363
1.05484
0.981709
1.0572
1.01518
1.05771
1.00931
0.992585
1.0166
0.969308
0.986445
0.994647
0.958834
1.03418
0.946552
1.00828
0.963718
1.02425
0.972256
1.02174
1.09588
1.0064
1.00543
0.987876
1.03284
0.998376
1.05615
0.975755
0.938569
1.01389
1.00929
0.988536
1.07263
0.950068
1.04417
0.986877
0.973405
0.996359
0.978667
1.033
0.987301
1.01413
1.03466
0.946017
1.02492
1.03293
0.975469
0.950362
0.956645
1.05485
0.969079
0.991293
1.02042
0.962994
1.03925
1.0208
1.02248
1.04694
0.978497
0.972847
1.01145
0.942398
1.0172
1.08226
1.0564
1.00873
1.07726
0.962422
0.996634
0.971481
0.985471
0.995157
0.978601
1.05329
0.944877
0.994007
0.971821
1.03903
1.03402
0.981607
0.978716
0.989807
0.996633
1.06973
1.04725
0.94321
0.985131
1.02296
1.03642
0.989661
0.990125
1.03574
0.987081
0.946011
0.968797
1.03268
0.935216
0.97937
0.968021
1.0248
0.969544
1.00569
1.00587
1.03968
0.998005
0.950677
0.968721
1.00306
1.00115
1.02763
1.02133
1.05181
0.981519
0.987571
1.00186
0.968355
0.982527
1.03825
1.01169
0.982278
1.0614
0.996458
0.997281
0.958483
0.944955
1.04547
0.99398
0.980391
1.02234
0.952951
1.03622
1.01349
1.00448
0.970158
1.00697
1.03273
1.0263
1.0027
1.01306
0.95986
0.982258
0.970646
0.989676
1.07877
0.976056
0.964204
0.970791
0.962204
1.02136
0.955777
1.02971
1.02232
0.985755
1.00715
0.997894
0.983588
1.00392
1.01029
1.02027
0.973378
1.01819
0.954623
1.00054
1.0055
0.972355
1.04785
0.949342
1.00863
0.984286
1.00787
0.999784
0.975043
0.963226
1.00041
1.00614
1.0241
0.970903
0.930762
0.984227
1.00128
0.964401
1.04383
1.07814
1.01732
0.999828
1.00576
1.02253
1.00578
1.02391
1.02152
1.05354
1.03924
0.984059
0.993527
0.992536
1.03404
0.998521
0.97566
0.932457
0.987743
0.98064
0.961696
1.03726
1.08029
0.974999
1.02457
0.99236
0.969347
1.02758
0.99377
0.978425
1.04018
1.03729
1.03075
0.984646
1.02043
0.968117
1.06153
0.969453
1.0114
1.06991
1.05915
1.01917
1.03258
0.962086
0.952236
0.957106
1.01924
1.01744
0.957021
1.05829
0.993669
0.969717
1.03842
1.02718
0.989368
1.01851
0.952792
0.967899
1.03355
1.0204
0.990755
1.08879
1.04274
1.04414
0.970193
1.01199
1.04717
1.05342
0.994035
1.01555
1.00542
0.984102
1.00833
0.984452
1.02417
0.947638
0.945467
1.02897
0.967439
1.0165
0.95321
0.959056
1.0101
1.02765
0.93813
0.96102
0.997181
0.957562
1.01466
1.03259
1.00633
1.00358
0.983094
1.00656
1.00536
0.995306
0.990017
0.917001
1.04244
1.04129
0.978287
1.05229
0.929939
1.05431
1.04088
0.97652
1.05469
1.0356
1.00948
0.945993
0.982475
1.03168
0.986797
0.973231
0.994466
0.933066
1.00595
0.964301
0.974141
0.985421
1.00623
0.94228
0.971866
1.00051
1.01642
0.977492
0.934174
1.01575
1.04112
0.944821
0.963512
1.01511
0.966674
1.02858
0.957408
0.955557
1.0285
1.02667
1.01044
0.984588
1.03598
0.995319
1.05383
1.01233
0.990295
1.0525
0.978273
1.03178
0.983726
1.07414
0.995289
0.983647
0.995358
0.930637
1.00879
1.05549
0.999963
1.05165
0.956695
1.01078
1.01475
1.03723
1.0466
0.985165
0.984907
1.04535
1.00259
1.02066
0.987388
1.00514
0.991476
0.974682
0.993212
1.00342
1.02155
1.00178
1.03139
1.04217
1.00316
0.974597
0.984622
0.969546
1.02605
1.01315
0.976705
1.07059
1.04253
0.99737
1.01627
1.02496
0.969678
0.994657
1.01212
1.02219
1.02435
1.0432
0.962014
0.983406
0.994275
0.970743
1.00501
0.99251
0.98557
1.00381
0.915155
1.06265
0.962812
0.97638
1.03271
0.965896
0.993731
0.964792
0.949578
1.06471
0.956081
1.00385
0.992739
0.984939
1.01244
1.03873
1.08477
1.07354
0.983917
0.989393
1.02131
0.995037
1.01627
1.0493
1.02677
1.01273
0.983037
1.08106
0.980736
0.987879
0.932084
1.04074
1.02581
1.01126
0.98613
0.956296
1.02931
1.05743
1.02772
1.00168
1.05268
0.975003
1.01382
0.981314
0.943243
0.950604
1.00811
0.931372
0.972246
1.02386
0.98541
0.965063
1.10632
1.0068
1.00834
0.922329
1.02414
1.02239
0.981733
1.01969
1.00437
0.968262
1.08991
1.03112
0.997728
0.983852
1.00295
0.999494
0.997434
0.986266
0.979156
0.929146
0.937655
0.934694
0.957289
0.95591
1.00665
0.916423
1.01057
0.946051
1.0373
1.05526
0.959906
0.957831
1.01176
0.977649
1.01338
1.01065
1.02721
0.957067
0.95754
0.997047
1.00112
1.01169
1.0211
1.00858
1.08066
1.00971
1.02791
1.01374
0.969704
0.975902
1.00868
1.06101
1.01349
1.01086
1.02049
1.03975
0.978323
0.957675
1.00172
0.974246
0.955144
1.05383
1.02921
1.05777
0.996711
0.993325
1.02809
1.03352
1.02975
1.0629
1.02508
0.992605
1.01997
1.00504
0.917389
0.938579
1.11466
1.00898
0.993555
0.949739
0.99558
0.984207
1.00493
1.03045
1.09561
1.0436
0.990368
0.97705
0.996445
0.946898
1.01533
0.99551
0.975597
0.983788
1.02213
1.01594
0.978348
0.976001
0.895946
1.03859
1.00776
0.981353
0.95736
1.01225
1.00853
1.00855
1.03246
1.08743
1.00354
1.01695
0.979496
0.990859
0.972531
0.93699
1.00968
0.974912
1.00726
1.05623
0.942727
1.02261
1.04998
0.952574
0.987896
1.03512
1.03529
0.982485
0.939949
1.01032
1.01349
0.982797
1.02314
1.05322
1.01597
0.97509
1.01476
0.956498
0.9377
1.0283
0.985076
1.04585
0.988719
0.981711
0.985744
0.951519
1.0139
1.01993
1.01047
1.03291
1.02459
1.06207
0.954863
0.994183
0.930739
1.02051
0.991532
1.01384
0.974691
0.965233
0.978963
1.02322
0.972693
1.04023
1.03593
1.02371
1.0192
1.01767
1.03948
1.04653
1.0036
1.01625
1.00017
1.02768
1.00255
1.0115
0.947635
0.930561
0.931081
1.02088
1.00803
0.991046
0.972855
1.03026
1.02231
0.970934
1.00972
0.999888
0.998833
0.964521
1.04789
0.957755
1.045
1.01878
1.0219
1.01849
0.983393
1.01928
1.01448
1.00252
1.02905
0.979021
1.01364
0.980771
0.997955
1.02971
0.994996
0.990483
1.04473
1.02276
0.948553
1.09809
1.00021
0.938846
1.00255
1.02993
0.959245
0.997724
1.04379
0.949325
1.04679
0.92002
0.97631
0.938504
0.948064
0.965552
1.02904
0.978782
0.947879
0.994677
1.03493
1.0572
0.972492
0.989428
1.0069
1.02548
0.994665
1.01197
1.03475
0.991055
1.03437
1.03672
1.04302
0.978622
0.989838
0.972194
1.00422
0.972201
1.00572
1.069
1.02116
0.95961
1.00855
1.06732
0.97976
1.0037
0.917656
0.999346
0.991547
1.03101
1.04102
0.977094
1.01419
0.986501
1.00703
1.02993
0.968153
0.995284
0.982565
1.0137
1.01033
0.980117
0.980783
1.02432
0.944683
1.0272
1.0227
1.04135
1.01532
1.0172
1.02316
1.00318
1.02089
1.05145
1.03937
1.00631
0.993456
1.02984
1.00451
0.959739
0.995861
0.988363
1.01166
1.03374
1.01062
1.04608
0.953429
0.993951
0.985756
1.02751
0.956768
1.01765
0.992744
0.927227
0.98385
0.948106
0.997965
1.00308
1.00189
0.946378
0.996643
1.0158
1.03458
0.96535
0.982037
1.01998
1.03215
1.08604
1.05946
0.958351
1.00547
0.970796
0.996205
0.914367
1.03575
0.997657
1.03169
0.973129
1.07463
0.998998
0.989296
1.02342
1.00994
1.03771
0.993978
1.03722
0.970556
1.0255
1.00927
1.05722
1.08807
0.948817
1.00726
0.956897
1.05325
1.02207
0.982999
1.02603
1.00918
1.01906
1.01077
1.02554
0.976605
0.974557
1.02913
0.997644
0.96476
1.03631
0.974062
1.01627
0.98472
1.04825
1.04005
0.937391
0.955974
0.994902
1.0118
0.98864
1.02311
0.97314
1.05252
0.932079
1.00587
1.09255
0.980498
0.987183
1.01298
0.986049
0.982352
1.02621
1.00731
0.967353
1.01477
0.991546
0.982519
0.976012
0.953499
0.979538
0.959699
0.965218
1.03922
1.02485
1.02621
0.940293
0.979362
0.992547
0.987611
0.983131
1.04893
0.98926
1.0531
1.03778
1.02804
0.998948
0.992836
1.02944
1.06655
1.05408
0.973777
0.987332
0.99269
1.04307
1.04053
1.0011
0.985856
0.967988
1.00669
0.968022
1.00552
0.963619
0.965775
1.01469
0.997089
0.945296
0.980294
0.975623
0.996173
1.05756
1.0146
0.991632
0.98803
1.05625
0.984979
1.03419
1.03306
0.981309
1.00125
0.997558
0.996353
0.987105
0.953139
0.972581
1.01134
0.972378
0.996909
1.00339
1.00924
1.03946
1.0092
1.02037
1.0276
0.992538
1.02687
1.08253
0.999819
0.993531
1.00515
1.04221
1.01178
1.02219
0.993439
1.02682
0.920883
0.988552
0.99951
0.961286
1.00342
0.940178
0.976715
0.951277
1.03757
1.03675
1.00533
1.00542
1.03551
0.993037
0.974573
1.0249
1.09062
0.954054
1.03154
1.01082
0.960084
0.998662
1.05265
1.01917
0.982188
1.02633
1.00476
1.00268
0.961009
0.996012
0.993395
1.03175
0.989179
1.01191
0.99526
1.00592
1.01992
0.965909
0.97126
1.01353
0.987479
0.96284
1.0316
1.04056
0.971195
0.987757
1.02202
0.971005
1.04045
1.00013
0.988928
1.02462
1.05232
1.02379
1.01537
0.985307
0.93663
0.997177
1.06979
1.04857
1.03852
1.01279
0.991266
0.957547
1.03126
0.981073
1.05476
0.997701
0.998153
0.963683
1.04596
0.985201
0.965352
0.96998
0.993156
1.02002
1.07293
0.989431
1.03726
0.969039
1.01646
0.998542
0.943349
0.970986
0.950194
0.920706
0.912488
0.994224
1.00586
0.967396
0.983602
1.01039
0.994743
1.02358
1.0205
0.9189
1.01295
0.986068
1.02396
1.03837
0.95963
1.03107
1.02113
1.03196
1.00826
1.02693
0.957454
1.03623
1.0024
0.997952
0.98764
1.00674
1.00738
1.02249
0.917654
1.0157
1.03645
1.01483
1.01734
0.994384
0.998572
0.983473
1.02063
1.03379
1.05716
0.967436
1.02636
1.00792
1.05336
1.00702
0.998664
1.02806
1.04878
1.01976
1.03078
1.02564
1.00681
0.967624
1.00337
0.974017
1.03673
0.958673
0.98154
1.04381
0.972401
1.0857
0.938938
1.02345
0.987654
1.04473
1.06969
0.982191
0.988597
1.0077
0.943469
1.04056
1.05229
1.00019
0.963057
1.01223
1.03038
1.04865
1.05337
1.03635
1.04119
1.00536
1.02718
1.01958
0.998436
0.988688
0.967094
0.996589
1.03985
0.936769
0.996446
0.985269
0.976414
0.958722
1.02903
1.03818
1.0473
0.979028
1.00074
0.95252
0.974328
1.02387
0.976139
1.02779
0.947158
0.96891
0.984577
0.935026
0.955313
1.01575
0.977001
0.986706
0.997748
0.956459
1.02207
1.00629
1.03394
0.975177
0.959172
1.04772
1.00697
0.991473
1.00544
1.0217
1.01181
1.05749
0.963057
1.01172
0.969017
1.01024
1.03021
0.974514
1.00884
1.00426
0.999274
1.01495
1.02625
0.993919
1.00096
1.00489
1.03719
0.98676
1.02829
0.924066
1.02118
0.959226
0.998076
0.9805
0.98352
0.993325
1.03617
1.03085
1.02366
1.00293
1.03597
0.946802
1.00238
1.0101
1.03805
1.03929
0.989773
1.03967
0.967575
0.944807
0.958673
0.98783
0.918366
1.03372
0.997646
1.0315
1.04336
0.96881
0.986475
1.01428
1.01598
0.982419
1.00687
0.994777
1.02743
0.957736
1.04605
0.993535
1.05295
1.00738
0.968468
1.03043
1.03432
1.01865
0.995519
0.998156
1.09591
1.01856
1.07891
1.00097
0.968521
0.997013
0.972081
1.01331
0.960684
0.977063
0.952394
1.00955
0.991257
0.986219
0.992278
0.996496
0.980629
0.967756
0.98573
0.97838
0.947271
1.03437
1.05072
0.975477
1.01488
0.99322
0.979472
0.976178
1.00542
0.985583
0.97053
1.01781
0.969732
0.987144
1.00134
1.01163
1.07749
0.978375
1.05688
0.955574
0.963606
0.993589
0.957689
1.02781
0.97995
1.0084
0.985112
0.992226
0.977826
0.999553
0.99882
0.984564
0.937775
1.00119
0.973609
0.975861
0.964068
1.03842
1.0026
1.03652
1.01378
1.00432
1.0097
0.913154
0.942113
1.0487
1.01546
1.07039
0.934582
0.96741
1.09531
0.999832
1.00695
1.00186
0.972895
0.944688
1.11122
0.971239
1.01896
1.05766
1.01772
1.01473
0.951545
0.962724
1.00561
1.03071
1.01051
1.03953
1.03496
0.966179
0.996599
0.98165
1.04125
1.00915
0.976736
1.01555
1.00054
0.934424
0.977703
0.980234
1.02854
1.00048
1.03031
1.01367
1.01613
0.965169
1.06794
1.00204
1.02566
0.972226
1.04291
0.982416
1.03059
0.945242
0.993457
1.0751
0.973511
0.945242
1.011
1.00141
1.03416
1.04087
0.988606
1.01709
0.994076
1.00394
1.03598
1.01999
0.953018
1.01299
0.983595
0.968755
1.02443
0.980153
1.009
1.04194
1.02187
1.01198
0.975909
0.958259
0.996639
1.01855
1.06179
0.985256
0.966964
1.02624
0.943213
1.00714
0.96266
0.915077
1.02863
0.973813
0.992548
1.02347
1.00301
1.00779
1.04226
1.02817
0.987857
1.0471
1.07811
0.989768
0.978002
0.998531
0.982414
1.01839
1.0114
1.04786
1.02552
1.10638
1.00342
1.10459
0.979225
0.965647
0.895614
0.985979
0.998326
1.00342
0.974347
0.992982
0.947102
0.934433
1.05587
1.00788
0.991686
1.05362
1.05289
1.06719
1.01122
0.980527
1.02506
1.01007
0.983779
1.0055
1.01724
1.01549
0.997119
0.992189
1.0006
0.949775
0.927633
1.0062
1.00437
0.979728
1.00294
0.994413
0.969158
1.01923
0.993714
0.973578
1.0177
1.03028
1.03135
1.06886
1.04326
0.998127
1.00141
0.978763
0.992058
1.05641
1.00415
1.00267
0.99461
1.03197
0.991546
0.999815
1.06277
0.96877
1.0155
1.02695
0.99258
0.963456
0.979514
0.971796
1.01248
1.03889
0.999971
1.02108
1.01985
0.986673
1.03643
0.956533
1.00173
0.996396
1.03051
1.01597
0.991498
1.01487
0.956318
1.00032
1.01857
0.984148
0.994041
1.02727
0.974248
1.02361
0.962004
1.03394
0.998454
0.929381
1.05826
1.05453
1.03994
1.03673
1.03645
0.975555
0.96706
0.960093
1.02488
0.988852
0.993381
1.00204
1.03911
0.971309
1.02068
0.963325
0.985682
1.00393
0.983422
0.95359
0.993359
1.04694
0.939414
0.966687
1.00459
0.992687
1.02044
1.01443
0.961846
1.02616
1.04838
0.928275
1.03562
1.06493
0.988987
1.03212
0.976257
0.973992
1.00657
1.07747
0.959724
0.943933
0.960175
0.959994
0.974123
1.00253
0.955056
1.01532
1.02296
1.02902
1.02101
0.997153
0.961095
0.952087
1.03568
1.00014
1.00596
1.02339
0.965185
1.03646
1.01737
0.984951
0.997238
0.981107
0.952002
0.975965
1.04149
1.0619
0.980792
1.02941
1.02159
1.00516
1.02122
0.958111
0.969266
0.947473
0.969661
1.06969
0.990222
1.04557
1.04025
1.00876
0.941789
0.980816
0.996727
0.985896
1.0748
1.02973
1.0502
1.00177
1.01241
0.991242
1.00941
0.987267
1.03834
0.986502
0.981642
0.949099
0.993935
1.00937
0.984338
1.10736
0.993619
0.942215
1.06179
1.02548
0.994214
0.995938
0.959871
0.966205
1.05518
0.97774
1.03606
0.975447
0.952252
0.99908
1.01074
0.959296
0.989324
1.01866
1.01776
0.974262
1.03365
1.0603
1.04751
0.983429
1.0291
0.986924
1.02287
0.989707
1.01247
1.04945
1.02009
1.01017
1.03613
1.02286
0.998423
0.987591
0.947216
0.97941
1.01601
0.989435
0.970908
1.04964
1.01844
1.0609
1.0029
0.991775
1.00046
1.02081
1.0182
1.01877
0.957661
1.05318
1.0276
1.0235
1.01558
1.0244
1.05286
0.938938
1.04725
1.02076
0.995885
1.03677
0.980134
0.977515
1.01783
1.04759
0.975323
0.961879
1.01417
1.02026
1.02865
1.00818
0.985224
0.999086
0.997205
1.0268
1.00385
0.99556
0.965221
1.05911
0.983387
1.0247
0.934523
1.03609
1.0079
1.05852
0.978216
0.960744
1.00783
1.06429
1.0442
0.925337
1.03611
1.08243
1.02455
1.02717
1.01688
0.98438
1.00078
0.96529
0.987793
1.00361
1.03083
0.992251
1.03917
1.01773
1.03734
1.03642
0.990331
1.04144
1.02923
1.00294
0.973037
0.987632
1.06709
1.00697
0.986356
0.975016
0.926091
0.995006
1.04089
1.03111
1.00973
0.998228
0.972919
0.986286
0.97712
0.99858
1.03308
0.986889
0.949935
0.976737
0.950229
0.974027
1.04214
0.984745
1.00094
1.05153
0.995568
1.02691
0.973193
1.0489
0.96841
0.9863
1.00615
0.93221
1.00584
1.04322
0.966905
1.02707
0.948978
0.977979
0.972368
0.986937
1.04247
0.982186
0.984744
1.03901
1.05109
1.07461
1.00148
1.04595
0.919958
1.00106
1.02409
0.98798
1.01114
0.964541
0.969657
1.04548
1.0031
1.02294
1.00568
0.998645
1.035
0.971661
1.01385
1.01594
1.00229
1.0404
1.02591
1.05221
0.972629
1.04519
0.985417
1.01151
1.01062
1.02892
1.01486
1.03477
0.968547
0.984113
1.02017
0.994388
0.883951
1.00385
0.989944
0.996071
0.989624
1.03475
1.03474
0.979809
1.00958
0.963846
0.966563
1.06146
1.02179
0.999097
1.03858
1.03786
0.998226
0.990108
1.01996
0.987077
0.926049
0.959945
0.97961
0.989587
1.05313
0.933632
0.98833
0.967554
1.03677
1.01697
1.03215
1.01191
1.00307
0.95925
1.03069
0.956724
1.01451
0.986739
0.942658
1.03089
0.898303
1.00464
1.01681
0.998237
1.02979
0.969129
0.957631
1.0371
1.03421
1.03152
1.06893
0.976247
0.994642
0.969759
1.09903
1.02211
1.05
1.03216
1.05056
0.994918
1.0203
1.00598
1.04051
0.965878
0.953024
0.989612
1.01226
0.941938
1.00153
0.997698
0.961116
0.953155
1.00476
0.997312
1.02575
1.0172
1.0187
1.02194
1.03753
0.953388
1.0152
0.976838
0.994615
0.962443
1.05468
0.994976
1.0237
1.03918
0.951483
0.939708
1.02982
1.03128
0.966731
0.951907
0.959814
0.993791
0.974402
1.0052
1.026
1.00877
0.994253
0.969887
1.04887
0.952283
1.0236
0.976134
1.01063
1.05601
0.975114
1.01674
0.975429
0.993834
1.00704
0.983787
0.985847
1.0239
1.01132
0.986947
1.02165
1.0354
0.950885
1.04612
1.06894
0.95932
1.0098
1.01546
1.04758
0.962352
1.01561
1.04794
1.03442
0.973157
1.03791
1.02752
1.01846
0.959612
1.0245
0.978219
0.967542
1.04677
1.04509
1.00247
1.01028
1.02249
1.03545
0.961702
0.960253
1.0107
1.03282
0.979553
0.945905
0.963018
1.08255
1.01271
1.01212
1.05522
1.02006
1.05676
0.980842
1.02586
0.995084
1.01512
0.992265
1.01605
0.965263
0.975983
0.988234
1.06986
0.936979
1.07839
1.03001
1.05268
1.03925
0.946299
1.08498
1.05817
0.995618
0.976966
