1.00421
1.09907
1.02875
1.01581
1.13405
1.08018
0.979877
1.06275
0.885247
0.847387
0.857773
0.929007
1.03025
1.11272
0.99631
0.873223
1.04823
1.05153
1.10998
0.949007
1.02391
0.96755
1.04843
0.963652
0.966657
0.890744
1.01305
1.00511
1.0102
1.02706
0.968773
0.981956
0.997827
0.931089
0.979131
0.93585
0.86329
1.10691
0.896875
1.0876
0.938739
1.1203
0.979681
0.966306
1.12995
0.933042
0.994746
0.771043
1.00686
0.988306
0.938927
1.04997
0.84089
1.00956
1.08947
1.03483
1.03229
1.04882
1.14262
1.08263
1.07044
1.09951
0.939965
1.00857
1.04898
0.894189
0.993035
1.08113
1.02208
1.05059
1.13089
0.852067
0.889301
1.09042
0.999761
1.06082
0.899339
1.01691
0.892211
0.951743
1.15177
0.993268
0.970912
0.907811
0.83978
1.00165
0.876219
1.04648
0.997328
0.920871
0.964738
1.00945
0.900076
1.02804
1.0801
1.10952
1.01272
0.867007
0.908728
1.0493
0.943632
0.928675
1.05973
0.914017
0.870684
0.993152
0.99658
1.07247
0.882262
1.05311
0.965944
1.03509
0.933566
1.01874
0.882085
1.04345
0.949491
1.02211
1.11523
1.06108
0.898955
0.929209
0.924748
0.809881
0.896006
1.14934
1.00348
1.07173
1.00904
1.04046
1.0923
0.967655
1.05177
0.92196
0.942763
0.967371
0.920519
1.02567
0.996546
0.884879
0.882841
1.02437
0.830388
1.02724
1.0751
0.909927
0.920533
0.995057
1.04461
0.91447
0.98258
1.01816
0.971059
0.953155
1.03086
0.985011
1.09292
0.996504
0.812166
0.886759
1.01043
0.978546
0.971227
1.03941
1.1662
0.919247
0.91518
1.09741
1.0091
0.926194
1.01491
0.980819
0.939554
0.895994
0.858646
1.09424
0.895116
1.01095
1.04602
0.971618
1.03208
0.91482
1.11768
1.0359
0.953999
1.00526
0.887287
0.982599
0.98496
1.06318
0.935097
0.991367
0.831873
0.890014
0.983061
1.09625
1.0869
1.06308
0.979155
1.11327
0.956771
1.02275
1.00236
1.01894
1.01134
1.01321
1.04453
0.971689
0.981758
0.979796
1.01851
0.953186
0.89343
1.00445
0.882915
1.00474
1.08052
1.20441
0.925933
0.938494
0.950524
1.02784
1.05272
1.12519
0.892759
0.999146
0.971767
0.985255
0.942516
0.859262
0.820397
0.901164
0.947414
1.00632
0.86655
0.911581
1.09266
0.946419
0.954355
1.01553
0.89274
1.00416
0.940274
0.964606
1.02542
1.02552
0.90597
1.06543
1.05329
1.02767
1.12366
1.09662
1.04497
0.995176
1.02798
0.953453
1.00929
0.864231
1.01093
1.07521
1.06167
1.04678
1.28371
0.935728
0.98452
0.953548
0.846533
0.934622
0.872253
0.990221
0.991394
1.04742
1.09537
1.02114
0.982422
0.988921
1.11383
1.00359
1.06738
1.04084
1.08857
1.01104
0.877379
0.926498
1.12789
0.815235
0.982736
0.952125
1.07615
1.21628
0.842177
0.935363
1.08709
1.05917
0.939453
1.08244
1.02077
1.0812
1.04265
1.05738
0.935809
1.0339
1.1093
0.941964
1.06169
1.03809
1.01769
0.998806
1.08177
0.963472
1.06497
1.02522
1.02964
0.880397
1.11019
1.05576
0.938237
0.980106
0.965434
0.907161
1.1015
0.930159
0.899741
1.08613
0.945535
1.01802
1.16512
0.954883
1.05206
0.983185
0.932662
0.948728
0.930064
0.992927
0.974569
0.888115
1.03771
1.0216
1.04433
1.16252
0.958933
1.04656
1.17016
1.01276
0.989521
1.12511
1.10374
0.989355
1.05358
0.986349
1.03623
0.889187
0.833644
1.0273
1.00528
1.13512
0.869621
0.996129
1.03914
1.03231
0.971499
1.04908
0.944351
0.922873
0.884929
1.02666
1.08622
1.10254
0.975372
1.09744
0.957954
0.981979
1.0561
1.06378
1.05824
0.861464
0.986649
1.00128
1.08804
1.07067
0.965547
0.902652
0.878027
0.863674
1.07832
1.11644
1.04624
1.00948
0.933671
0.959818
1.0751
1.10483
1.02579
1.01739
1.03423
1.05658
1.0796
1.11247
1.02233
0.964598
0.940664
1.06704
1.03822
0.975682
0.924618
1.04336
0.967768
1.03085
1.17244
0.899176
0.968008
0.982234
1.01735
0.932811
0.876494
1.02467
0.951387
0.9279
1.1519
0.992788
1.0073
1.05147
0.935803
1.02511
0.969879
1.20269
1.01465
1.01
0.886196
1.11342
1.08241
0.964929
0.994024
1.07993
0.921193
0.898847
1.00558
1.11694
0.949344
1.0281
1.15906
1.21737
0.944548
0.91901
1.07789
1.08755
1.08708
1.00279
1.10283
1.10629
0.986742
0.98837
1.01357
1.08204
1.18521
0.960696
1.047
0.995257
1.05355
1.01879
0.965281
1.03819
1.05353
1.03633
0.962561
1.12908
1.0319
0.936992
0.926242
0.828898
0.998447
0.980046
0.895997
0.896902
0.9962
1.05797
1.02186
0.995852
0.9858
1.1056
0.998431
1.06116
0.907786
1.07333
0.961593
0.799825
1.03231
1.05074
1.0046
0.950888
1.12798
0.994965
1.02837
0.96223
0.89955
0.909463
0.920117
1.00039
0.906994
1.13602
0.936529
1.14331
0.968466
1.08387
0.92716
0.991883
1.05246
1.00524
0.982832
1.08579
0.955038
0.980153
0.906828
0.877361
0.951696
1.06664
1.08156
1.1301
1.00373
1.13368
1.02906
0.917771
0.996998
0.970331
1.20012
0.949276
1.10645
1.01523
1.11127
0.985457
0.909909
0.911285
0.885559
0.963676
0.925316
1.00858
0.993287
1.06483
0.935736
0.902868
1.06177
1.00555
1.03558
1.04995
0.980868
0.964165
0.985498
0.921257
1.01151
1.06131
0.986149
1.03252
0.962855
0.957142
1.167
1.00665
0.904673
0.944166
0.941672
0.993436
1.02746
0.993429
1.0545
0.995791
0.956961
0.973426
0.958697
1.02908
1.15405
0.95097
1.01435
1.03565
0.937373
0.82856
1.01025
1.06079
0.976146
0.837637
1.02154
1.00382
1.1154
0.95067
0.978364
0.930359
0.992107
1.03394
0.95657
1.01922
0.887587
1.08415
1.14467
1.11156
0.897387
1.05756
1.02759
0.983158
1.12313
0.869236
1.07191
0.991116
0.950892
0.957901
0.922211
0.964484
0.956028
1.04556
0.918837
1.0213
0.929506
0.982848
0.95872
1.11769
0.979095
1.11156
1.14565
0.883807
0.901665
1.14396
0.990842
0.963594
1.05492
0.973873
1.13136
0.880157
1.12518
1.01295
0.955088
0.804957
1.18337
1.14634
0.996871
1.00661
1.00914
0.950125
1.02228
0.877333
0.913196
1.01096
0.994631
1.02429
1.08134
1.095
1.09194
0.917095
1.09828
0.97489
1.08308
0.94282
1.11548
0.971025
0.97575
1.02574
1.08023
1.0179
0.835985
1.13287
0.977901
1.16508
0.913263
0.873327
0.830038
0.870302
0.919125
1.00225
0.91109
0.929881
0.972985
1.07018
0.937167
1.00745
0.911857
1.08525
1.07426
1.12166
1.10406
0.961952
1.05201
1.00261
0.959899
1.01916
0.897749
1.01898
1.15784
0.995831
0.90095
1.09521
0.899928
0.894886
0.928891
0.984776
1.0282
1.08418
1.03275
0.920869
1.01464
0.997104
0.934469
1.04856
0.977816
1.11684
0.97743
0.995127
0.991665
0.946
0.957934
0.919013
1.09558
0.919657
0.98698
1.01892
0.919821
0.982794
1.05641
1.08922
0.887603
1.07104
0.831922
0.930565
1.01585
1.09031
1.00888
0.889164
0.806785
1.04362
1.02632
0.891255
0.984526
0.973969
0.887961
0.895561
1.12269
0.909367
1.14162
1.05913
1.00134
1.09203
1.0157
1.13875
1.03883
0.958655
1.01937
0.914928
0.951893
1.16849
0.958527
1.09721
1.18797
1.03291
0.853069
0.911839
0.9558
0.915718
0.966197
0.89904
1.03954
1.08372
0.974094
0.94856
1.05008
0.961533
1.03612
1.11638
1.09088
1.12459
0.959657
1.09747
1.00648
0.9186
0.892448
1.04525
1.04999
1.08916
0.970823
0.978956
1.00179
1.04826
0.965676
0.943204
0.902797
0.947949
1.07258
0.929363
0.711768
0.974849
0.922194
0.969775
1.06757
1.03019
1.11919
0.956095
1.00705
1.04001
1.15833
1.14994
1.02926
1.12483
1.08596
1.06245
1.15497
1.01699
1.14811
0.882659
1.11249
1.09807
0.970057
1.02895
1.01426
0.893676
1.12962
1.00149
1.07398
0.970923
0.978325
1.16121
0.978358
0.919992
0.980778
1.0921
0.802161
1.0025
0.785681
0.967634
1.13472
0.961764
1.10193
1.09241
1.07575
1.11569
0.983012
0.962896
1.01774
1.0118
0.943863
0.975414
0.885147
0.987062
0.992098
1.00524
1.0161
1.06689
1.13247
1.11866
0.999976
0.910856
1.00518
1.06212
1.10509
1.10319
0.94623
0.902376
0.914887
0.886647
1.10792
1.108
0.853417
0.911833
0.809656
1.08958
1.18563
1.0072
1.06216
1.03296
0.963511
1.01153
1.02175
0.970169
1.02665
1.0426
1.02311
0.956842
1.00798
0.87955
1.02414
0.97733
0.824375
1.00288
1.04722
1.12227
0.985471
0.93948
0.97527
1.13883
1.02545
1.09679
0.969069
0.838937
1.05429
1.01973
1.07781
1.06294
0.97927
1.02255
1.03549
0.817355
0.948085
1.05247
1.12793
0.996606
1.05508
0.974951
1.01461
1.13024
1.07052
1.11338
0.962091
1.01586
0.950867
0.99974
1.16386
0.985509
1.03405
0.90858
0.903157
0.953185
0.924296
0.88398
0.976942
1.04145
0.997091
0.980061
0.960614
1.01382
1.00395
0.859542
0.928898
0.896587
0.986928
0.964866
0.991538
1.09453
1.06887
1.0242
0.99574
0.965792
1.0315
0.947699
0.893685
0.949754
1.11369
0.878148
0.964013
0.967678
1.04262
1.02633
1.09268
0.950643
0.998582
1.0985
1.04286
1.03563
0.982398
1.02607
0.975839
0.909245
0.947729
0.927385
0.98337
0.89803
0.795652
0.920838
0.990195
1.15057
0.925933
0.976664
0.946501
0.793907
0.991865
0.864109
1.00572
0.984532
1.07144
0.970134
0.912777
1.02516
0.944211
1.03108
1.08796
0.967372
1.17737
0.901136
0.915119
0.890615
1.12713
1.26299
1.13766
0.998818
1.08904
0.986764
1.12346
0.967176
1.05609
1.14908
0.965783
0.988056
1.09704
1.04739
1.20331
0.951436
1.04718
0.999694
0.833693
1.02153
1.01033
1.0591
1.00679
0.875537
1.05104
1.09317
1.03015
0.935249
1.09183
0.970988
0.942729
0.988376
1.02893
1.04891
0.907921
1.03065
1.00926
0.925596
0.915447
1.0281
0.886945
0.863763
1.00084
1.15338
0.980161
0.986223
0.865615
0.986608
1.12982
0.974935
1.09451
1.11139
0.970824
1.07398
0.92632
1.05572
0.993675
1.06138
0.854023
0.936892
0.979626
1.0815
0.940444
0.902459
1.03241
0.924727
1.06107
0.907561
1.00971
1.03203
1.04164
1.0198
0.877296
1.06745
0.923411
1.02357
0.994898
0.959808
1.09821
0.948777
0.888741
0.984057
0.995174
1.12069
1.08694
1.04698
0.883947
0.861443
0.990873
1.03294
1.00073
1.00658
0.921883
1.07224
0.956645
0.964059
1.01476
0.865725
0.901794
0.902099
0.922515
1.01138
1.1391
0.980659
1.1078
1.03627
0.984964
1.06117
1.10266
1.05891
0.872576
0.992962
0.973472
0.952546
1.02542
0.905718
0.950392
1.0091
1.00242
1.05116
0.985482
0.96539
0.953572
0.932917
1.08963
1.01913
0.928004
1.05763
1.04595
0.971851
1.00819
1.00108
1.08119
0.972174
1.10285
1.02668
1.14516
0.890304
0.948061
0.903306
1.01296
1.02313
0.922621
1.02795
0.926152
1.08624
0.97111
0.995373
0.970809
0.961598
0.854458
1.03912
0.91112
0.986418
1.08139
0.893559
0.915252
1.06058
1.12123
0.998557
0.871369
0.904755
0.957329
1.04571
0.93276
0.914521
1.04417
1.10462
1.08213
1.06181
1.06143
0.970681
0.978216
1.21692
1.15167
1.09044
1.05863
0.972033
1.06257
1.02575
1.03954
0.900882
0.842353
0.918004
0.962184
0.960649
1.00963
1.11524
0.948226
0.960182
0.996316
0.824772
0.946056
1.02063
0.937707
0.956925
0.966487
1.07169
1.06125
0.875473
0.949983
1.2514
1.00001
0.989431
0.856012
0.899583
0.943434
0.946138
1.03349
0.971731
0.953409
1.04765
0.961199
1.11824
1.17379
0.997756
1.00836
0.949019
1.02773
1.01047
1.01138
1.11669
0.999152
1.08464
1.0985
0.987264
0.975667
0.965805
1.02651
0.962651
0.972291
0.95588
1.02254
1.00096
1.05757
1.00927
0.982274
0.985638
1.03089
1.08521
0.936824
0.957602
1.19887
0.897845
0.954339
1.08149
1.02608
1.10771
0.972023
0.859418
1.10934
1.06312
1.20427
1.08309
0.988532
0.957704
1.01959
0.962034
1.08736
1.04354
1.05803
0.999469
0.913899
1.02291
1.10711
0.924102
0.873884
1.15901
1.00467
0.92746
1.06115
1.21102
1.08545
1.04771
0.840128
0.959657
1.03286
0.962162
1.07628
1.04931
1.0173
0.914114
0.985194
1.01525
0.989959
1.02581
1.05615
0.913764
0.996039
0.900853
0.999938
0.968006
0.932989
1.05412
1.04399
0.993296
0.966976
1.03321
1.09079
0.938606
1.03015
0.996906
0.861255
0.930641
0.939606
1.07439
1.01873
0.902446
1.08306
1.14168
1.09059
0.992614
1.02086
1.02368
0.966428
1.0515
0.858608
0.942776
1.06602
0.932486
0.978458
0.983997
1.01037
0.96113
1.01895
0.910209
1.03242
1.1723
0.913093
1.00711
1.1305
0.92176
0.873657
0.768098
0.956704
1.08571
0.947568
0.902338
1.06786
1.11595
0.790241
0.955752
0.996407
0.927953
0.841765
1.01836
1.12561
1.04013
0.990934
0.989339
1.05844
1.04676
0.928589
1.08084
0.961849
1.02758
0.961131
1.10683
0.92585
0.94975
1.00194
1.12537
0.861355
0.989574
0.967312
1.05728
1.03827
0.941603
1.02025
0.986057
1.13723
0.905413
0.904776
0.938686
1.1533
1.01197
0.925287
1.08158
1.07541
0.912164
1.07124
0.981237
1.00958
0.995852
0.964778
0.909116
1.04435
1.11571
1.0639
1.05303
0.962345
1.02106
1.13402
0.910671
0.987787
1.05097
0.979229
1.10724
0.93414
1.16279
1.14043
0.947055
1.01
0.984054
0.979093
1.06384
1.12994
0.960558
0.925282
1.02928
1.00505
0.844018
0.975344
0.910101
0.907244
1.04528
1.09385
1.01768
1.04551
0.814091
1.06428
0.864563
0.870318
0.896684
0.90772
0.913605
0.979434
0.995366
0.931609
0.997062
1.07885
0.923204
0.935199
0.926541
1.06413
0.921815
0.964891
0.884444
0.883859
0.951664
0.938962
1.13148
0.968575
1.1585
0.994451
0.866949
1.00779
0.988167
0.97231
1.14154
0.92762
1.02519
0.806109
0.946819
0.951768
0.99882
0.976985
0.95931
1.008
1.11418
0.944193
0.975422
0.942259
1.01495
1.00098
1.03315
1.05739
0.970762
1.00063
1.12795
0.94226
0.956369
0.907039
0.883178
1.02618
0.998796
1.03787
0.894077
0.937826
1.04911
1.02442
1.14096
0.95152
1.02246
0.982041
1.07675
0.938147
1.01336
1.12171
0.978943
1.10955
1.02223
1.11172
0.937656
1.00482
0.956362
1.1659
0.919939
0.979658
0.915761
1.0445
1.02036
1.0193
1.04318
0.949063
0.918067
0.985084
0.982771
1.0977
1.07772
1.04402
1.10755
0.930752
0.977808
1.07092
1.00533
1.13285
1.03934
0.827026
1.08401
0.901588
0.945963
0.972428
1.20469
1.08023
1.05909
1.08001
1.1195
1.01463
1.00166
0.925237
0.864409
0.96194
1.03511
1.03341
1.19007
0.924981
0.94364
1.1054
0.957475
1.03649
0.912293
0.998278
0.898584
0.967316
0.968776
0.832427
0.972236
0.849919
0.947354
1.01583
0.968079
0.977179
1.07441
1.00927
0.957139
0.989133
0.960551
0.886479
1.09063
0.776426
0.94478
0.998048
1.01071
0.966299
0.990458
1.03011
0.992208
1.07866
0.970773
0.922944
0.983146
0.957276
0.937404
0.965414
0.959165
1.05326
0.965048
1.0577
0.973532
1.07921
1.07992
0.98791
0.966275
0.932182
0.88076
0.912774
1.0819
1.1229
1.08328
1.11631
1.1231
1.093
1.08284
0.954786
0.972015
1.13676
1.04804
0.888504
0.97877
0.934225
0.913031
1.16903
1.00432
0.894204
1.14148
1.02842
1.03349
1.07602
1.04626
1.05867
0.98994
1.03443
1.11075
1.05501
1.09132
0.893175
0.906396
0.904546
1.06295
0.967919
0.977235
0.864081
0.961358
1.00073
0.984752
0.868504
0.938912
0.899933
0.938874
1.06513
0.968802
0.818939
1.06402
0.97395
0.996802
1.01321
1.10183
1.01887
1.04299
1.02215
0.929239
0.893942
1.05109
0.988832
1.0197
1.05394
0.995205
0.94122
1.05983
0.877737
0.994271
0.965019
0.874558
1.06052
1.01649
0.866643
0.867698
1.06447
1.04603
1.07769
1.10306
0.999143
0.870652
0.921109
1.12835
1.00208
1.04989
0.957101
0.938586
1.06119
0.958073
0.981017
1.01925
0.903862
0.987086
1.16846
1.02329
1.00155
1.05134
0.893726
1.1857
0.991581
1.06242
0.955259
1.06419
1.06582
0.987726
1.07078
0.981485
0.965423
0.926577
0.943396
0.84455
1.14683
0.982928
0.896895
0.876963
0.882391
1.14771
1.03361
1.04683
1.01718
1.04459
1.03518
0.995819
1.03118
0.867076
1.17916
0.924996
1.08797
1.04959
0.877397
0.866213
1.19582
1.08507
1.12212
0.974331
1.04832
1.04918
0.91914
0.996702
1.02228
1.02234
1.00283
0.949223
0.993256
0.823559
1.02482
0.991335
0.921485
0.986541
0.962852
1.01892
1.1018
1.07302
0.940131
1.16632
1.05525
1.1542
1.0155
0.830978
1.03283
1.03465
1.13958
0.955629
0.899301
0.966377
1.02295
0.957619
1.01335
0.997831
1.01152
1.07102
1.00254
0.985575
1.1254
0.908831
1.10729
1.05484
1.1048
1.02755
0.914542
0.964458
1.17757
1.02102
1.04831
1.06819
0.89067
1.05484
0.954953
0.995145
0.935937
1.14236
0.988743
1.14216
1.06637
1.16099
0.892011
0.994527
1.07129
0.838441
1.01021
1.05455
0.929092
0.899478
1.01214
0.966076
1.04791
0.8501
1.06228
0.90313
1.00889
0.971899
0.966926
0.920001
1.14755
1.10933
0.996209
1.01869
1.04226
0.834092
0.97398
0.94982
0.995306
0.979316
1.0387
1.06208
0.997058
0.984616
0.913767
1.01542
0.911905
1.01852
0.949637
0.944526
1.18325
1.0333
0.928542
1.00755
0.975386
0.899874
1.0411
0.942115
1.08099
1.09559
1.01657
1.04253
0.934525
0.844257
0.977139
0.988798
0.965002
1.09655
1.0479
0.99589
0.934782
0.955413
0.972913
1.07672
1.0441
0.993831
0.917152
0.986607
0.885648
1.11217
0.945587
0.972007
1.05047
1.06521
0.951173
0.926157
0.965491
0.870545
0.939529
1.04922
1.05713
0.960103
1.01164
1.10889
1.06991
0.881635
0.973924
1.02863
1.0635
0.970979
1.02013
0.98335
0.969961
1.04726
1.05312
1.00563
1.11313
1.16527
1.02181
1.03581
0.938971
1.00978
1.02438
0.967635
1.02548
0.916228
0.963738
1.02418
1.06436
1.0622
1.07139
1.15889
0.987426
0.994439
1.06483
0.878854
0.975291
1.06884
1.03334
0.906563
1.05908
0.909672
1.09642
1.00844
0.934616
0.953945
0.999442
0.981056
1.06522
1.1478
1.00847
0.98998
1.15865
1.10114
0.992651
0.952372
0.865453
0.969671
1.06083
1.05763
1.01838
0.919075
0.97965
1.07822
1.06258
0.889751
1.00535
0.99373
1.01168
1.04264
0.905122
0.870097
1.02596
1.06508
0.935438
0.811654
1.06334
0.88287
0.887015
1.01122
0.951541
0.971869
1.04493
1.07385
0.978801
0.971457
0.961176
1.06884
0.919738
0.917539
0.999389
0.906078
1.10045
1.06205
0.871712
1.00791
0.922893
0.895782
1.0904
0.990886
0.996128
0.958997
0.993292
1.01394
1.03637
1.04282
0.925993
0.908102
0.94854
0.9857
1.04238
1.02854
0.849878
1.02691
1.15028
1.0364
0.908339
0.996815
0.9616
1.06517
1.00784
0.991011
1.09679
0.952838
0.92158
1.06084
0.897003
0.948129
0.970052
1.05863
1.05757
1.10741
0.985148
1.05728
1.00162
1.04684
1.20933
0.945941
0.978134
1.02168
1.03883
0.9488
0.943551
1.08343
0.919798
0.995203
0.986616
0.984875
1.00975
1.00446
0.94496
1.06369
1.08917
1.00445
0.953039
0.97125
0.992513
0.883111
0.859628
0.821544
1.02699
1.11492
1.08583
0.984785
0.728012
0.928004
1.10734
0.852606
1.01936
0.977653
0.933733
1.02595
1.09531
1.09464
0.966565
0.982338
1.04133
1.03966
0.931452
0.839449
0.947893
0.994421
1.09042
0.90266
0.875015
1.04539
1.01319
0.882124
1.0208
1.0525
0.96719
1.00466
1.09956
1.0517
1.0557
1.00585
0.983284
0.966324
0.947065
1.12862
1.00344
0.973636
0.930011
0.988388
0.999104
1.05742
1.01292
0.981746
0.93433
1.00857
1.10624
1.05443
1.05195
1.10791
0.937054
1.06071
1.22722
0.986368
0.945518
0.967831
0.961779
0.967818
1.12571
1.07238
0.92888
0.994205
0.966881
0.995972
1.02768
1.01019
0.928962
0.932901
1.07025
1.03934
1.04702
0.935245
1.00526
0.965193
1.11191
1.0461
0.989205
0.95427
0.851837
0.855255
1.15272
1.15221
1.00039
1.03865
0.984322
1.06142
0.993106
0.926458
0.915178
1.00759
0.996145
1.01687
1.06934
1.05364
0.892451
0.997559
1.07775
0.938988
0.922769
0.925297
0.93039
0.930112
0.95856
0.965124
1.16784
0.963381
1.07247
1.0751
1.07654
0.998874
0.887852
1.10415
0.978949
0.943909
0.934473
1.16008
0.883821
1.02994
0.895394
0.981387
0.888578
1.10377
0.934684
0.904871
0.890158
0.953417
1.25676
1.01202
0.900623
1.04702
0.965556
0.985211
0.9068
0.868009
0.973422
1.02998
1.09737
0.990317
1.11602
0.784912
1.16117
1.01016
0.95894
1.11952
1.05637
1.00832
1.00488
1.00408
0.954108
0.948827
1.07275
0.952423
1.00197
0.973583
1.0346
0.918237
0.943549
1.14726
0.951426
1.10308
1.16394
1.01054
0.986632
1.08226
1.0574
0.994823
1.00035
0.97091
0.881936
0.910327
0.985905
1.01892
1.02857
0.930445
1.00936
1.01368
0.890737
1.09431
0.878003
0.952698
0.878206
1.04771
0.929351
1.01971
0.855545
0.880657
0.93021
0.929995
1.00861
0.991791
1.05197
1.02414
1.10331
0.968228
1.00467
0.804527
0.889775
1.05483
0.927126
1.1117
1.08343
0.889498
0.991871
1.06367
0.995594
1.03623
1.01163
0.986577
0.910577
0.999911
1.0229
1.01752
0.979272
1.01198
0.987585
0.961541
1.01033
0.942698
1.02171
0.730135
1.03705
1.06438
1.00777
1.07993
0.950273
1.05209
1.00004
1.04351
1.02059
1.01707
1.00413
0.983942
1.09018
1.09028
0.995617
0.945533
0.988621
0.917347
1.05938
1.03122
0.905305
1.05859
0.996946
1.09227
1.10182
1.01452
1.14977
0.895463
0.937371
0.948707
0.980086
0.972827
1.00755
0.98089
1.03607
0.831057
1.03459
0.937686
1.0335
1.00793
0.912765
1.08678
0.955858
0.966154
0.989902
1.2753
0.953804
1.09022
0.828772
1.00806
0.870705
0.961085
1.01535
0.956812
1.01179
1.1549
0.987337
0.963827
0.983956
0.957386
1.01794
0.970429
0.9938
1.11088
1.07367
1.03004
0.930829
0.914342
0.934568
0.977594
0.910345
1.13537
0.983138
1.10477
0.985538
1.00136
0.930038
0.979184
0.924927
0.875197
0.961457
0.974668
1.11429
1.07018
0.929321
0.98298
1.08861
1.06677
0.925068
1.04693
1.03599
1.03482
1.05825
0.922182
0.952505
1.08765
0.942164
0.892614
1.05206
0.857516
0.982154
0.756876
0.924514
1.00228
1.02146
1.03556
1.02062
0.998047
0.907733
1.08023
0.986043
1.03126
1.16666
1.06804
0.967128
0.974136
1.04123
0.864902
1.10812
0.936732
0.816949
0.994456
0.921655
1.03115
1.10198
0.999098
0.967124
0.986498
0.912207
0.861058
1.06672
1.04278
1.15584
1.0338
1.10623
0.925951
1.22533
1.01022
1.00165
0.985778
1.1307
1.11402
1.05961
1.03693
1.11208
0.932464
1.01265
1.08559
0.940824
1.03989
0.985737
0.95589
1.10011
1.02562
0.951717
0.873744
1.0171
0.904524
0.908055
0.922926
0.95848
1.1646
0.910483
0.983059
0.978208
0.926021
0.922526
1.03326
0.994398
0.928042
1.04753
1.08211
1.08222
0.88805
1.19222
1.02315
1.12435
1.06061
0.962443
0.984728
0.971862
0.921104
0.931643
1.07938
1.10144
0.983003
1.09308
1.08074
1.00376
1.02339
0.955711
1.0015
0.972876
0.981779
0.926125
0.892643
0.888346
1.08673
1.08067
1.11745
0.919123
0.965096
1.09025
1.01277
1.07026
0.966668
1.09405
0.989879
0.993696
0.966447
1.01184
0.871922
0.944748
1.04874
1.07568
0.982712
1.04337
0.951139
0.97363
0.903834
0.994489
1.08896
0.9722
0.929882
1.09468
0.958176
1.00526
0.996764
1.09393
1.03473
0.929532
0.870954
1.02496
0.87899
1.01035
0.934978
1.02295
1.04422
1.07078
1.04273
0.951295
0.998679
1.13774
1.0046
1.00262
1.0587
0.99188
1.04504
0.897705
0.953135
0.911158
1.0514
1.17993
0.985103
1.2074
1.09201
0.986688
0.92627
0.990002
1.17196
1.08262
0.992497
0.888905
0.962903
0.997514
1.10624
1.0902
0.925947
1.00556
1.02074
1.02846
0.900009
0.956428
0.993357
1.06953
0.933507
0.983093
0.843933
1.04859
1.06446
0.873266
1.03332
0.85807
1.09773
0.962914
1.03189
1.05644
0.806094
1.0122
0.969818
1.03875
0.902545
0.966706
1.02245
1.00148
1.05908
1.10652
0.865471
1.12588
0.983587
0.881971
0.957927
1.01635
0.888
1.07978
0.85806
1.12048
0.990666
0.897079
0.888103
1.04789
1.11033
1.0317
1.12216
1.10421
0.982603
1.11287
0.966633
1.13442
1.03144
0.983283
0.877876
1.18628
1.07185
0.895441
0.986588
1.17965
1.06423
0.94821
1.00015
0.871016
1.0272
0.949566
1.1196
0.980784
0.95379
1.08857
0.956067
0.967629
1.0279
1.26766
1.05569
1.07684
1.13597
1.03253
1.10735
1.00671
1.09352
1.11027
0.97053
1.01822
1.14265
1.01782
0.893885
1.01456
0.997487
0.883614
0.972309
0.891627
1.01175
0.96048
0.950247
0.892631
0.977713
0.993426
1.13814
0.964347
1.0952
1.09742
0.999641
1.13796
0.966705
1.11631
0.910887
1.12695
0.984547
0.875536
1.16519
1.09507
1.01983
0.84607
0.910191
0.94994
1.05596
0.940494
1.09165
0.89505
1.01749
1.09047
1.07005
1.03816
0.969942
1.03825
0.963863
1.03479
0.925227
1.02153
0.9094
1.02142
0.912759
0.907316
1.03988
1.00192
0.989828
0.986599
0.955806
1.05931
0.991656
0.968376
0.933733
0.94394
1.00313
0.918467
0.998949
0.964826
1.07742
1.02811
0.968257
1.07612
0.976372
0.936749
1.02075
1.03863
1.03135
1.02637
0.980114
1.00438
1.13225
0.93346
1.02058
0.999833
1.07724
0.98377
1.00958
1.06091
1.00335
0.931083
1.03163
1.0158
0.950872
0.968548
0.947735
0.87908
0.894441
1.12445
1.13343
1.00183
0.829442
0.936651
0.999713
1.01941
1.03268
1.04278
1.13666
1.04386
0.935807
1.11921
0.949805
1.12775
0.900024
1.00196
0.957652
1.00164
1.08116
0.998165
1.04187
0.904209
1.05969
1.01281
1.02166
1.23646
1.10185
1.05535
0.966232
0.828726
0.951487
1.15539
1.02165
1.06702
1.03305
0.753482
1.04714
1.04468
0.99954
1.01058
0.905165
1.05447
1.02607
1.10596
1.07035
1.03184
0.965254
0.949199
0.964457
1.00137
0.981683
0.90049
1.05763
1.02111
0.945148
1.0751
0.865813
1.03132
1.02213
0.896544
1.08243
1.01124
1.03113
0.939641
1.03888
1.00895
1.0107
0.987221
1.06365
1.06559
1.03049
0.97393
0.848418
1.02478
1.11692
0.998952
0.993471
1.0193
0.990156
0.92919
0.856196
1.12322
0.889141
1.04098
1.18869
1.03908
1.02453
0.779463
1.03182
1.05968
1.05936
1.1494
1.09322
0.967893
0.898449
0.977827
1.03309
0.940293
1.03194
1.00756
0.987611
0.967545
1.03339
1.00013
1.04653
0.979511
1.02152
0.911505
1.01968
0.987076
0.975723
0.951683
0.93092
0.879054
0.990368
0.979042
0.968635
1.03198
0.927067
1.0319
1.13045
0.865059
1.19531
1.01655
1.05823
1.04189
0.988842
0.978936
1.04732
0.946895
0.968142
1.1482
1.03461
1.02779
0.794108
0.975024
1.01108
0.972782
1.03257
0.941731
1.05522
1.06507
1.04566
0.866932
1.08373
1.00616
1.0754
0.943069
1.05493
0.987056
0.973651
1.07627
1.04954
0.889406
1.01091
0.860492
0.973934
0.971211
1.02124
1.0651
0.85827
0.972938
0.971813
0.866335
1.01077
0.984504
0.977898
0.855717
1.06278
0.974687
0.869483
0.907662
1.10151
0.994319
0.809848
1.02386
1.06854
0.956525
0.951946
1.02945
1.16482
0.953608
1.02641
0.906936
1.04384
0.86683
1.05336
0.993861
0.883946
1.02357
0.99813
1.10628
0.979465
0.965259
1.15853
0.962898
1.11997
0.954077
0.97832
1.06822
1.10574
0.924592
1.05169
0.883422
0.849363
1.02541
0.987628
1.00518
1.0403
0.904848
0.959459
0.944091
1.15489
1.05945
0.918474
1.0396
1.11135
0.922728
1.08031
1.20769
0.921215
1.01342
0.98365
1.0516
0.947049
1.15192
0.902144
0.980993
0.953636
0.962937
1.0981
0.919138
0.977684
1.19838
0.987972
0.927657
1.0433
1.01703
1.0053
0.954759
0.984086
0.97779
0.884492
1.10073
0.960366
1.11659
1.0171
0.953204
0.942063
1.01299
0.837886
0.95124
0.977199
0.979359
1.0393
1.03226
1.01717
0.934429
1.05388
1.014
0.952589
1.02768
1.06346
0.981975
0.902001
0.963471
0.989133
0.927805
1.00558
1.0246
0.895019
0.790691
0.944554
0.924874
0.949254
1.06585
1.00449
0.902471
0.820989
1.08347
0.979989
0.966788
1.00381
0.912683
1.09821
1.07453
0.932122
1.1325
1.07206
0.863043
1.02895
0.936202
0.955796
1.05561
1.08059
1.10567
1.02845
0.910317
1.00817
1.12598
1.03219
0.980846
0.887559
1.14014
1.08941
1.11153
0.990271
1.10858
1.01314
1.03263
1.05024
0.953705
0.98006
0.979261
1.0535
0.991092
0.960541
0.982116
0.875164
0.968448
1.01191
0.998377
0.954503
0.963384
0.907158
0.898435
0.929495
0.9769
1.06926
1.10275
1.13884
0.968718
1.10127
1.06534
0.984032
1.0381
0.840304
0.850036
0.987032
0.993283
0.951388
1.04817
1.07019
1.12658
1.10588
1.09609
1.06392
0.885595
0.969711
0.836371
0.955993
0.857293
1.0083
0.99105
1.01546
0.984825
0.930131
0.973971
0.941652
0.946636
0.982776
0.850804
0.864839
1.11033
0.921009
0.83239
0.998072
1.0134
0.942323
1.00185
1.01909
0.964603
1.0814
0.85646
0.976038
0.891532
0.961661
1.02758
0.772643
0.906153
1.11262
0.849985
0.952619
1.04245
1.14594
0.98597
0.957054
0.954999
0.941824
1.01996
0.979832
0.997982
1.12385
0.97423
0.998631
0.982432
0.958928
0.977468
0.963199
1.06048
1.11863
1.0992
0.980457
0.980144
0.960193
1.01027
0.971246
1.01095
0.921146
1.15669
1.12164
0.910146
0.979946
1.07905
0.936628
1.00367
0.940334
0.997092
1.07008
0.886563
1.01248
0.97813
0.921877
1.07762
0.96479
1.03603
1.07548
0.991776
1.12216
1.02665
0.941905
1.00667
0.912962
0.832234
1.10553
1.06316
0.916822
1.12238
0.983018
1.03819
0.990352
1.09839
1.13212
1.04893
0.962719
1.08392
0.912838
0.948945
1.09884
0.886953
0.909683
1.02314
0.95831
0.978204
1.02696
0.968163
0.991225
0.825217
0.989433
0.899938
1.03599
1.01569
1.02643
0.954596
0.924969
0.931318
1.04299
0.978215
1.02694
1.06668
0.948205
1.03858
0.972482
1.07882
0.891076
1.00914
1.05749
0.980807
0.962316
0.90982
1.04265
1.07054
1.09007
0.905278
1.02001
0.988906
1.01139
0.988349
0.921869
1.08735
0.95816
0.964393
1.00761
1.15255
1.1083
0.917669
0.931992
1.0204
0.948345
0.952828
1.09352
1.13218
1.07627
0.954442
0.809633
1.10332
1.12868
0.978343
0.923552
1.00792
0.956328
1.03427
0.888608
0.980042
0.92533
1.02532
1.03536
1.04485
0.943208
1.01194
1.07963
1.04394
1.00015
1.09316
1.01393
0.872347
1.01067
0.974582
1.03723
1.03335
0.980157
1.00792
0.945905
0.906463
1.041
1.16717
0.879047
0.860832
0.758774
0.940953
1.04791
1.01073
1.06916
0.92283
0.77259
1.00749
1.06323
0.960734
1.03542
0.955352
1.08067
0.941652
0.97335
0.904701
0.977804
1.07061
0.893924
1.04143
1.04492
0.983656
0.957389
1.00588
1.06232
1.17818
1.09114
1.16054
0.875171
0.991175
0.995116
0.969282
1.09763
1.01845
0.988773
0.991514
1.00938
1.15207
1.07432
1.04183
0.947655
1.18175
1.01489
1.13067
0.994002
0.846444
0.988534
1.07522
1.0074
0.922341
1.03363
1.00572
1.00727
0.999328
0.962425
0.987417
0.922519
0.898936
1.07098
1.13128
0.984403
0.927676
0.919048
0.901638
0.916377
1.07284
0.945779
1.00453
0.933732
0.849262
0.929868
0.826926
1.04405
0.968644
0.934227
1.06495
0.949853
0.983874
1.09245
1.10818
1.08379
1.04677
0.962457
1.1848
0.926513
0.996229
0.901345
0.843732
1.0821
1.01751
0.943993
1.13315
1.00368
1.00564
0.927962
1.00326
1.01879
0.958694
0.967339
0.848689
1.09033
1.01422
1.03247
0.952872
1.00231
1.00319
0.960505
1.00312
1.03412
1.18896
1.0096
0.987386
0.896384
0.877171
1.06304
1.05561
0.932812
1.06539
0.842142
0.918015
1.07764
0.88468
0.914767
0.963158
0.878619
0.931653
1.04422
1.10187
1.01603
0.910016
0.895592
1.05671
1.00758
0.978416
1.00928
1.01026
1.18015
0.970975
1.11174
0.987269
1.02964
0.992042
0.953249
0.941564
0.847673
1.01667
1.03008
0.997383
1.03416
0.953956
1.03103
1.05523
0.935038
1.06042
1.11378
0.908892
0.92582
0.94603
1.04578
1.00882
1.08762
1.05504
0.92728
1.12696
0.970772
1.02608
1.00583
1.10275
1.12513
1.09466
1.02808
0.99608
0.865905
1.09997
0.919387
1.02019
1.17313
1.09078
0.924421
1.03554
0.992112
0.896179
0.905357
0.920598
0.960949
0.895264
1.06048
1.07809
0.982248
0.971625
0.997227
0.850025
0.959341
1.07913
1.01489
1.01439
1.12757
1.13993
1.05686
0.981951
0.937724
0.964616
1.02786
1.04887
1.05445
1.02644
1.08006
0.972419
1.05789
1.00468
0.978405
1.06105
1.04897
1.10734
0.990773
1.15604
1.07471
0.977281
0.998901
1.06973
0.994414
0.965414
0.929557
1.08253
0.847984
1.16439
0.930804
1.0039
0.990039
1.03181
1.09247
1.01652
0.911114
0.940896
0.942264
0.859862
0.994664
0.92726
1.01338
0.824792
0.965454
0.970849
1.12932
1.05859
0.894843
1.06393
1.13257
0.969222
1.00753
0.84312
1.10712
1.0183
1.1255
1.04194
1.0551
0.9763
1.07474
1.08579
1.0067
1.10199
1.03631
1.00421
0.99548
0.981067
1.06616
1.03275
0.972451
1.12901
0.9561
1.0212
1.01119
1.00249
1.01173
0.831228
1.09129
0.994884
0.948916
0.957603
0.993188
0.977085
0.958635
1.12501
1.02161
1.00721
0.986644
1.18982
0.958802
1.00338
1.09304
0.982588
1.17042
1.00612
0.88023
1.06289
0.896015
1.10831
0.936693
0.878129
0.902872
1.14012
0.972058
0.977673
0.994217
0.775543
0.962301
0.931692
1.14861
1.00848
0.946674
0.858137
0.957541
1.03319
0.775977
0.980628
0.940788
1.02284
1.06017
0.876637
0.999677
1.2747
1.06928
1.03521
0.952162
1.04708
1.12416
0.912623
1.03956
1.04897
1.09701
0.911262
0.977734
1.05259
0.90175
0.971962
0.999762
0.919688
1.08551
0.912836
1.06962
0.944207
1.07704
0.969226
0.986857
0.887151
1.00672
1.09738
1.00697
0.992294
1.07862
1.05863
1.08926
0.995571
1.12032
0.831864
1.04508
0.962858
1.15339
0.976264
1.06157
1.03224
1.02622
1.09524
0.886995
1.042
0.932185
0.994799
1.11504
0.943256
1.06552
1.10613
1.04158
0.999615
1.05755
1.05898
1.0792
0.934508
0.985456
0.881105
1.14814
0.955557
1.00858
1.0564
1.07474
1.14175
0.996356
0.890921
0.851334
0.800706
0.912671
0.982423
0.943794
1.06341
1.13558
0.970579
1.12212
0.962074
1.09027
0.910251
0.766202
0.806589
1.10652
0.98374
1.0997
1.0639
1.01957
1.0226
0.914777
0.968345
0.938467
1.10701
1.17943
1.02596
1.14294
0.870683
1.06287
0.97056
1.04378
1.0112
1.0645
1.00168
1.00628
0.907157
0.965533
0.888257
0.955195
1.097
1.12372
1.02091
0.879163
1.04473
0.929028
0.989558
1.03782
0.961564
0.985292
0.949427
1.03991
1.03773
1.04566
0.992413
1.13955
0.944384
0.960831
0.963246
0.850056
0.925344
1.01447
0.886535
0.935805
0.956529
0.94322
0.989442
0.955902
1.07451
1.15008
1.15329
0.980838
1.02995
1.05866
0.991259
0.844869
1.07141
0.945847
0.999771
1.11949
0.950472
1.05197
1.0629
0.949228
1.0062
1.0211
0.941488
0.992441
0.976151
0.968782
1.04442
0.969295
1.00792
0.930483
0.923567
0.963631
1.00016
1.0144
0.915117
1.09761
0.967346
0.9269
1.18019
0.850932
1.17522
1.03144
1.0162
0.923987
0.972076
1.01754
1.08618
1.09861
1.0012
1.02062
1.07673
0.998912
0.939883
1.09625
1.11872
1.09001
0.902857
1.05695
0.905025
1.09788
1.03914
0.824914
0.989891
0.976536
1.13218
0.981047
0.97294
0.99818
0.945081
1.10556
0.94066
0.8882
0.97314
0.869688
0.843089
1.00233
0.960597
0.87209
0.991949
0.947743
0.931456
0.876988
1.00033
0.993303
0.839586
0.889554
0.918279
0.830371
0.937279
1.08316
1.03219
0.954191
0.957154
0.966786
1.0757
1.11905
1.07109
1.07557
1.03589
0.992715
1.1225
0.820499
1.05134
1.0373
0.87942
1.01591
0.953747
0.827825
0.932412
1.01313
0.96025
0.910843
0.928221
1.0454
1.04733
1.03967
1.05256
1.0748
0.97858
0.998169
0.937202
0.950237
1.03119
0.963663
0.955684
1.07151
0.934923
0.89314
0.970896
1.09035
1.08559
1.0681
1.15123
0.84908
0.985675
1.08015
1.05487
1.02802
0.878392
0.917779
1.06545
0.87915
0.82219
0.961766
0.976035
1.13922
1.17519
0.988769
1.12997
0.907716
1.13628
0.886939
1.0089
0.978354
1.08768
0.981102
0.960964
0.949413
1.16532
1.0735
1.04774
1.01403
1.05145
0.884031
0.922574
0.987749
1.03319
0.973885
0.99093
1.06064
1.04712
0.93349
0.884339
0.994741
0.86406
1.03356
0.998325
0.969157
0.900947
1.01959
0.929936
0.945142
1.13395
1.07923
0.984025
0.905656
1.01565
0.946026
1.04889
0.999871
1.14914
0.995097
0.852801
0.972008
0.92381
1.11452
1.01941
0.872538
0.995078
0.980811
1.10681
0.938168
0.979033
0.899942
0.902111
0.919097
1.07641
0.948541
1.03809
1.1001
1.00752
0.989302
1.01131
1.02408
1.05374
1.00715
1.03094
1.14564
1.10116
0.988562
0.822738
1.06315
0.944267
1.08915
0.999924
0.937209
0.981763
1.09722
0.997351
1.12497
0.920794
0.992957
1.07154
0.950817
0.998912
0.890405
0.837823
0.99333
0.884921
0.943809
1.0802
1.04043
0.944232
0.971044
0.868222
0.922166
1.07463
0.91353
0.904559
1.01602
0.918557
1.06509
1.06903
0.832508
1.0034
1.05948
0.960439
0.876531
0.875572
1.03776
0.928577
0.868191
1.05396
1.07965
1.02769
0.987383
0.972381
0.976862
1.05017
1.08884
0.942084
1.03711
0.982372
0.987577
1.02197
1.05528
1.04555
0.922294
1.04271
1.00108
1.044
0.820834
0.958592
1.03976
1.01307
0.998149
0.89622
0.985836
0.944983
0.965088
1.24704
0.989228
0.949599
0.994842
0.884026
1.07719
1.18501
0.980451
1.02639
0.895431
1.06289
1.16085
1.05812
0.944788
0.901417
1.07588
0.977383
1.06864
1.07679
0.89102
1.00039
0.904219
1.07872
1.01
1.01536
0.973448
0.940803
1.13262
1.04642
0.971587
0.903396
0.942283
0.92496
0.947302
1.02943
0.983093
0.872678
1.01683
1.0513
0.949626
1.12382
0.988599
0.856494
1.01026
0.980056
1.09194
1.05944
0.915056
1.04794
1.07756
1.10876
0.980443
1.10165
0.898622
1.10816
1.06148
0.925324
0.967605
0.910977
1.00185
0.950485
0.86902
0.902469
1.01411
1.02802
0.952488
0.993631
0.958523
1.01756
1.03356
0.857764
1.02804
0.822581
1.08095
1.00709
1.08769
0.924191
1.11353
1.1029
1.0975
1.06707
1.1101
0.903324
1.03135
1.15591
1.12507
1.108
0.927585
0.989809
1.19954
1.18153
1.05099
1.06545
0.802262
0.998294
1.25217
1.00671
1.06864
0.980666
1.13768
1.0058
1.03219
0.985842
1.05746
0.89817
1.12072
0.967883
0.97692
0.927217
1.09813
0.993029
0.964018
0.967833
1.01897
1.00322
1.11357
1.16046
0.872967
1.09991
1.06834
0.948879
1.07001
1.04423
0.842812
1.14256
1.12459
0.930017
1.04898
1.1574
0.949306
0.991869
1.00393
1.07977
1.04906
0.983997
1.03118
1.03041
1.03843
1.00384
1.0246
0.927735
1.04395
1.04903
0.971476
0.951787
1.00955
0.910922
0.887835
1.08477
1.0149
1.05082
0.928283
0.991477
1.05347
0.913203
1.12235
0.922066
0.920888
1.04153
1.04753
0.813397
0.922498
1.13492
0.990296
0.991759
1.0388
0.942095
1.09902
0.946598
0.966646
0.872261
1.09657
0.916258
0.978507
0.999214
0.915776
0.85253
0.873063
0.915859
0.959515
0.778157
1.07502
0.978242
0.937097
0.924016
0.930253
0.996568
0.958115
1.01841
0.937
1.10809
1.04344
0.934496
0.990064
1.09846
0.843841
1.16741
0.942395
1.07978
1.10861
1.02844
1.01331
1.07625
1.05602
1.03862
1.0874
0.905767
1.02205
1.04715
0.936643
0.88998
1.0587
1.06163
1.11154
1.18815
1.1572
0.906303
0.989334
0.903
1.04311
1.00537
1.09364
0.865219
0.940706
0.994494
0.831109
1.06571
0.998883
0.908205
1.06966
1.02081
0.961818
0.987159
1.01671
1.11922
0.873011
0.9293
1.24757
1.05207
0.898308
0.920627
1.00502
0.93426
1.03508
0.991914
0.955294
1.06554
1.0284
0.990414
1.08133
1.05031
0.893224
0.899525
1.07135
0.994226
1.00371
1.05261
0.915768
1.07418
0.929712
1.11267
1.02999
0.973298
1.02611
0.925937
0.915832
0.955747
1.08446
0.852666
0.989169
0.923822
0.94069
0.963143
0.904129
0.967762
1.08698
1.08139
0.973167
0.970267
1.0364
1.02263
1.04269
1.02641
0.882341
0.886719
1.04563
1.04351
0.870171
0.967949
0.954349
0.89467
1.07162
1.01733
0.975805
0.988985
0.946731
0.999241
0.874015
0.894279
0.896225
1.05899
1.106
0.929694
0.967842
1.12823
1.07181
0.969136
1.02863
0.927661
0.941167
0.917645
0.913405
1.01393
1.11578
0.989179
1.06116
1.01146
0.837373
1.05739
1.0874
0.989095
1.0339
0.947932
0.959636
0.972036
1.07003
1.14805
1.14217
1.06415
1.09753
0.984701
1.11002
1.00229
1.05326
0.943606
1.05145
1.03775
1.09937
0.992366
1.07995
1.08921
1.01276
0.955143
0.986891
0.982721
0.905427
0.996693
0.937657
1.07384
0.913669
0.966035
1.0835
0.93302
0.906368
1.01908
1.15924
1.03024
0.967676
1.02627
0.996536
1.12682
0.886928
0.897281
0.946138
1.24757
0.998114
1.00285
1.02266
1.13425
0.963757
0.932361
0.971922
1.03216
0.936338
0.849893
1.03552
0.919352
0.997798
0.970732
1.04661
1.03577
0.937871
0.909781
0.987055
0.915217
0.960579
0.975859
0.952746
0.949632
0.893955
1.0918
0.991932
1.11999
1.00474
1.04554
1.01024
0.868298
0.913233
0.981382
1.05778
1.08928
1.10844
0.980687
0.901638
0.975207
1.07406
0.87984
0.956934
1.1314
0.903321
1.02488
1.10454
1.00279
0.994995
0.956054
1.09054
0.990967
0.863764
0.859057
1.09485
1.00632
0.992972
1.0247
1.03741
0.947989
1.01433
1.12031
0.830241
1.00862
0.978717
0.92921
1.02223
1.07059
1.02346
1.05442
0.971046
1.11045
0.9318
0.994162
1.07732
0.971106
0.908734
1.06635
0.953371
1.09347
1.03676
1.107
1.05815
0.984251
1.01751
1.01804
1.00571
0.959776
1.06001
0.908286
1.07208
1.02124
1.03241
0.949499
0.964732
1.12529
1.05489
1.11539
1.03611
0.932537
0.958151
0.954954
1.13914
0.859686
1.10396
0.920651
0.987963
1.02885
0.927579
0.980692
0.975225
0.970732
0.843312
1.05618
1.15143
0.924535
0.984651
0.985472
0.861858
0.980241
0.977528
1.07029
0.881638
1.02324
1.04495
1.0256
0.981015
1.00302
1.11399
1.01644
0.99631
1.07958
0.951893
0.97634
1.06759
1.15553
1.13349
1.01061
1.21637
1.02783
0.852287
0.996351
1.08023
1.01893
0.958397
1.03599
0.902827
0.982808
0.91278
1.01293
0.900158
0.95693
1.08113
0.952953
0.969094
1.04635
0.959002
0.876532
1.00566
1.03121
1.05569
0.911175
1.09363
0.971982
1.10572
0.955716
0.991023
0.990486
1.10672
0.995245
1.0438
0.935803
1.00105
1.04977
1.06005
0.864465
1.07358
0.974646
1.01627
1.02316
1.11728
1.0758
1.08629
0.868558
0.975956
0.962752
0.942463
1.20098
0.985024
0.858086
1.04715
1.1529
0.972825
1.06674
1.08658
0.91953
1.14059
1.11025
0.980884
1.18426
1.07762
1.07988
1.05982
0.896599
1.11784
1.16513
0.972457
0.865779
1.00705
0.921207
0.915226
0.878308
1.09983
0.999064
0.992211
1.04508
1.13457
1.06114
0.888115
0.983322
1.02962
0.969161
0.975051
0.946653
0.868685
1.07866
1.11015
1.05045
0.99961
1.09032
1.04201
1.04289
1.03656
0.890807
0.993363
0.962813
0.843312
0.960358
1.02288
0.986041
0.945719
1.04538
1.06794
0.961271
0.976825
1.0555
0.852254
0.988188
0.959807
1.07434
0.982759
0.887674
1.03524
0.974298
1.05816
0.980445
0.957186
0.886254
0.977488
1.00893
0.884101
1.0301
1.03294
1.104
1.09558
1.06484
0.854996
0.863751
1.0293
0.866044
1.04223
1.09241
1.06844
0.9508
0.998451
0.98196
1.04176
0.947242
1.07332
0.975192
1.17775
1.18669
1.03766
0.906595
0.985612
0.905173
1.12483
0.985419
0.960312
0.870606
0.8442
1.06868
0.961972
1.02654
0.974333
1.04594
1.04125
1.00138
1.09675
0.877281
0.981281
0.949797
0.968644
1.05009
0.870816
1.05311
1.13481
0.991291
0.870022
1.0234
0.920625
0.778344
0.994629
1.20827
1.12563
0.914722
1.10081
1.03761
1.11265
0.976664
0.993531
1.01454
0.970019
0.988428
0.890919
1.00923
1.1003
0.973923
0.995589
0.942417
1.00782
1.06508
0.942073
0.925935
1.08244
1.08447
0.96288
0.931793
1.03325
0.924037
0.978809
1.13353
0.962813
0.932113
1.01138
0.921634
1.01545
1.04644
1.0705
1.009
0.959423
1.10439
0.974633
0.945987
1.01098
0.973727
1.13608
0.881655
0.946364
1.14334
1.02326
1.05906
1.09699
0.962861
0.975739
1.05171
0.999202
0.975428
1.00064
1.13066
0.998563
0.86607
0.945527
1.19016
0.944114
1.04074
1.21005
0.947646
0.92844
1.30392
0.927503
1.15535
0.918552
1.00234
1.01455
1.05027
0.95922
0.929142
0.832619
1.06087
0.968695
1.0955
0.990107
0.924402
0.9034
1.15805
0.835676
1.00979
0.928302
0.935875
0.967722
1.08808
0.906493
1.00655
1.04815
0.960726
1.06522
0.990206
0.975912
0.862647
0.857645
0.904745
1.04179
0.98149
0.939571
1.03952
0.832012
1.05151
1.05347
1.00971
0.908604
1.04193
1.10091
1.08199
1.12696
0.999688
1.10806
1.0516
0.998231
0.933403
1.04416
0.945922
1.02327
1.00418
0.985057
0.936024
1.11507
0.875139
0.999426
1.08291
0.895378
0.981923
1.11775
1.09868
1.07776
1.20666
0.874138
1.09863
1.10414
0.898363
1.07281
0.989275
1.15581
1.07192
0.992587
0.869013
1.01895
0.981216
0.989538
0.932207
0.964142
0.968682
0.893207
0.989311
0.911902
1.07547
0.879378
0.918501
0.884414
1.12768
1.07525
0.890838
0.94784
1.01379
0.8872
1.19201
0.857587
1.05857
0.903706
1.07887
0.9636
0.933583
1.11773
1.00968
1.04525
0.998318
0.980938
1.03133
1.10021
1.03129
1.07835
0.887603
1.08794
1.09955
0.94027
0.995282
1.04586
1.10733
0.939438
0.845965
1.13426
0.874451
1.10274
0.820039
1.12858
1.00978
1.00206
1.06883
1.09095
1.04789
1.11295
1.09162
1.00553
0.886221
0.908226
1.02299
1.0314
0.997284
1.07467
1.0903
0.923853
0.910964
0.938143
1.0119
1.0789
1.0512
0.982038
1.06698
1.03893
1.00392
0.850012
1.08466
0.964412
0.887905
0.992864
1.13043
0.797399
1.0462
0.975389
1.00713
1.00253
0.909496
0.922346
0.955975
0.927953
1.08862
1.02009
0.903126
1.07636
1.03832
0.992729
1.08704
1.02208
1.01955
0.888356
0.958431
0.86152
1.01587
1.01189
0.986888
1.04316
1.06999
0.881422
1.0296
0.985675
1.07497
0.897245
1.0686
0.937912
1.03877
0.961265
0.909846
1.13994
1.02966
1.07673
0.999683
1.07354
0.971968
1.02986
0.99214
1.0444
1.1541
1.00418
0.974641
0.922401
1.07385
1.06897
1.05586
1.11232
1.0469
0.953986
0.995957
1.08648
1.1118
0.951423
0.963089
0.886786
0.904484
0.930862
0.931316
0.934908
0.99376
1.05499
1.09343
1.00013
0.763332
0.905991
0.906614
0.962699
0.984403
0.927132
1.0728
0.945443
1.12133
0.954315
1.0232
0.956628
1.14279
0.796377
1.02611
0.993755
0.933521
1.09479
1.09587
0.902546
1.00293
1.05033
0.75585
0.898904
0.909899
0.960919
0.963534
0.847982
1.07433
0.97567
1.07734
1.03725
0.967407
1.1145
1.02417
1.08168
1.0021
1.05532
0.990667
0.994375
0.965141
1.10457
1.05788
1.04518
1.01906
1.06573
1.19505
1.03312
1.02688
1.04814
0.983902
0.86443
1.02076
0.881963
1.02204
1.02386
1.00401
0.770859
0.929618
1.13914
1.01639
0.972742
1.06055
1.13155
1.12807
1.0273
0.789732
0.936508
1.14751
0.976574
1.105
0.897772
0.984845
0.965038
0.92116
1.06419
0.883997
1.11185
0.971642
1.00793
1.04805
1.13089
0.966159
0.923497
0.824801
1.02496
0.860546
0.857509
1.04571
1.12465
1.0343
0.948046
1.00368
1.00089
1.06252
0.991626
0.980938
0.919891
0.85385
0.995413
1.02032
1.01259
1.01468
1.01209
0.97502
1.02273
0.973423
1.03446
1.15192
0.981055
1.01984
0.991352
0.993013
0.94673
1.06134
1.02276
1.05826
1.07157
0.899912
1.06744
1.08848
0.983655
0.969666
1.03563
0.956483
1.03592
1.12052
1.15208
0.906252
1.02847
0.850827
1.07985
0.920266
0.963311
1.01171
0.973006
0.925345
0.888052
0.943022
1.01202
0.999656
0.882401
0.956296
1.07023
1.01996
0.909527
0.887502
0.982214
1.12951
1.01769
0.84463
0.910612
0.945623
0.928769
0.991614
1.03889
1.03512
1.12321
1.00029
0.95808
1.04987
0.945644
1.08104
0.906947
1.08853
1.00079
1.06947
1.02264
0.941867
1.07603
1.01147
0.970569
0.957744
1.01429
1.01977
0.979696
1.01035
1.03873
1.1299
0.953531
0.953972
0.99288
1.01631
0.965999
1.13573
0.999463
0.832875
1.07748
0.98731
1.00049
0.93661
0.929637
1.06209
1.02711
1.15024
1.0873
0.884264
0.868414
0.97301
0.97482
1.04746
1.075
1.23485
1.03203
1.04756
0.863393
0.920224
0.857647
1.0611
1.11862
1.08035
1.23396
1.04721
1.11161
1.00454
0.908963
1.01939
0.972517
0.920472
1.19274
0.903734
0.958445
1.11725
0.963225
0.911449
0.949622
1.01344
1.00984
0.959399
1.07713
1.02693
0.988359
1.01653
1.04432
0.97397
0.980891
1.00884
1.11415
1.10437
1.15309
1.01038
1.06676
0.87078
1.05647
1.16483
1.02201
0.947961
0.973664
1.06988
0.928092
0.805278
0.953787
1.01385
1.01336
0.973499
0.924995
0.9652
1.00046
0.975384
0.833803
1.03914
1.0266
0.872266
1.03981
0.987863
0.920928
0.987312
1.02834
0.97871
0.972051
0.995531
1.01996
1.1624
1.01797
0.962123
1.03542
1.05792
0.944691
0.943949
0.950404
1.1219
0.840905
0.858853
1.21991
0.858688
0.855949
0.889775
1.08691
1.05772
1.03043
1.11771
0.989427
1.06499
1.00124
1.03721
0.987505
1.04604
1.124
0.952661
0.981132
1.02405
0.894156
1.0671
1.05877
0.960002
1.06647
1.05283
0.983912
0.969683
0.879498
0.803178
1.04975
1.17002
1.03547
1.02156
1.04643
0.959248
1.18129
0.915537
1.02155
0.914851
0.920801
0.911023
1.01501
1.07526
1.04519
1.09617
0.98432
1.15519
1.06577
0.835768
0.922079
0.946624
1.045
1.12272
0.822094
0.922478
1.01886
0.944566
0.990169
0.993842
1.02103
1.05489
0.86931
0.902949
1.04372
1.13764
0.873295
0.940535
0.920474
0.961255
0.92525
0.951198
0.919149
0.911275
1.12795
1.03654
1.09497
1.0391
1.00808
0.958341
0.83895
1.07828
0.822442
0.999348
0.848322
0.9861
0.934271
1.14165
0.930568
1.02761
0.958276
0.922455
0.973546
0.973258
1.02764
1.00527
1.07684
0.953883
0.993559
1.07089
1.02828
0.99371
0.989504
1.05422
0.901322
1.00235
0.951476
1.09151
1.02964
0.959065
1.05109
1.02828
1.11928
1.02033
1.02839
1.07853
0.951447
0.972964
1.06737
0.940565
1.02308
1.0092
0.956689
1.06112
1.01129
0.908077
0.933542
1.00059
0.99442
1.00305
0.960908
1.12197
0.909546
1.00617
0.991017
1.00599
0.994122
0.977032
1.11319
0.963496
0.97188
1.10199
1.00934
0.947587
1.11501
0.918168
1.16385
1.10352
1.0352
0.882117
0.97467
0.970903
0.950836
1.00635
1.03792
1.03986
0.981817
0.89402
1.12445
0.947113
1.02408
1.07853
0.954678
0.995629
1.14817
1.13193
0.956427
0.845152
1.12314
0.989026
0.940551
1.0893
0.828008
0.909538
0.978058
1.03513
0.946481
0.970221
1.02847
1.03587
1.04205
0.973101
1.00048
1.01074
1.16249
1.02594
0.949073
0.847898
0.968287
0.964607
0.959059
0.989603
0.914328
0.924146
1.09936
0.87524
0.918042
1.02582
0.951254
0.957205
1.02185
0.924342
1.0983
0.998223
0.962597
0.965162
1.00253
0.888608
0.982803
0.893508
1.14784
1.04053
0.996635
0.97231
1.12077
1.07741
1.11659
1.086
1.04509
0.813374
0.870805
1.13429
1.08823
0.966041
1.03298
1.06202
1.12889
0.989208
0.92824
0.998103
0.965687
0.976033
0.969318
1.03816
0.923248
0.863765
1.02121
1.02541
1.04502
1.09738
1.01016
1.0596
1.09185
0.979269
1.13226
1.06999
1.02374
1.00224
0.873345
1.01113
1.001
1.0052
0.889032
0.922369
0.978386
0.899818
1.16193
1.05411
1.03978
1.07474
1.0601
1.04555
1.02897
1.04397
1.00844
0.899199
0.996639
0.894913
1.05342
1.03664
0.898931
0.799801
0.929505
1.09384
0.987188
0.96662
1.03092
1.09513
1.15193
1.09432
0.976224
1.13835
0.934614
1.06783
1.04238
0.99541
1.07537
1.0396
0.954867
0.966337
1.00558
1.04644
1.23529
0.981339
0.90138
0.956932
1.00968
1.05181
1.00948
0.970866
1.0724
1.01902
0.99383
1.17937
1.06017
1.07608
1.08182
1.07677
0.910553
0.93912
0.922273
0.856384
0.870795
1.01773
1.0553
0.965406
1.05387
0.828759
1.0892
1.23855
1.00003
1.02688
1.035
0.988575
0.984868
0.906172
1.07618
1.03264
0.996524
0.891151
0.951084
0.929796
1.03409
0.813677
0.998973
0.876572
1.12825
0.947002
0.998489
1.18575
0.892079
0.960173
1.05233
0.98476
0.914162
1.06091
1.14921
0.909089
0.961584
1.05536
0.961057
0.887188
0.974225
1.0045
0.977474
0.830115
1.00748
1.02859
1.01251
1.09434
0.982262
1.03802
0.896684
1.01632
0.844648
0.915243
0.870514
1.04463
0.888657
1.04905
1.09741
1.02101
0.989819
1.13301
0.937629
0.96976
0.910076
1.17728
1.07312
1.12917
1.06012
1.00687
1.12864
0.975898
1.01182
0.911992
1.12634
1.14155
0.899045
0.845575
1.14715
1.09516
0.981262
1.00819
1.18237
0.944356
1.06729
1.00414
1.0857
0.924793
1.25858
0.935229
1.22348
0.879346
1.04622
0.95953
0.995131
0.963658
0.996292
1.10776
1.06012
0.957549
0.845339
1.08177
0.945782
0.96769
0.896484
1.04574
1.21106
0.911892
1.18853
0.883969
1.0117
1.07669
1.01774
1.04582
1.15227
0.97191
0.928252
1.09126
0.924473
0.978579
0.929278
0.989906
0.994681
0.939003
0.970725
1.05392
0.995791
0.99508
0.959739
1.02613
0.930994
1.00724
0.924107
1.00956
0.904765
0.893756
0.995046
0.980876
1.07663
1.08306
1.03803
1.01536
0.965177
1.08488
1.13277
1.07948
0.955899
1.05782
1.01981
0.988454
1.01165
1.04307
1.05666
0.999791
1.08265
0.984211
1.10526
1.01876
0.89326
1.0102
1.00503
0.95598
0.98243
1.03995
1.05054
1.029
1.00475
0.856236
0.95498
1.08819
0.933697
1.07254
1.00931
0.914703
1.02442
1.10617
1.07872
0.980681
0.961657
1.01193
1.11289
1.04318
0.976552
1.07402
0.932622
1.05432
0.872447
0.938757
1.02309
1.01993
1.12925
1.0155
0.945648
0.969005
1.04752
0.963233
0.996661
0.996451
1.02381
0.881222
1.06334
1.07065
1.14445
0.898959
0.965422
1.04616
1.01139
0.934358
0.956815
1.03556
0.943762
0.959819
1.08301
0.933276
0.836346
1.04546
1.001
0.97795
1.1496
1.09
1.04137
1.00743
1.02806
1.01798
0.863425
0.931071
0.961825
0.98725
0.89516
1.04568
1.03636
0.972231
0.976363
0.920616
0.996767
1.10249
1.10756
0.928803
0.9524
0.929811
0.991816
1.13814
0.821178
1.10543
0.87477
0.907617
0.922976
1.02164
0.989113
0.975775
0.976591
0.873155
1.03999
0.97702
0.983699
0.952278
0.842533
1.14613
1.00744
0.884303
0.962325
1.02166
0.95109
0.865643
1.07788
1.10585
1.03023
0.948036
0.960908
0.919349
1.06194
1.01395
1.07761
0.885315
1.002
0.983109
1.06703
0.975341
0.977294
1.02622
0.955668
1.07575
1.05255
1.07688
1.09727
1.0168
1.00399
0.905657
1.03697
1.03477
1.05737
0.975183
1.06355
1.02348
0.987188
0.980563
1.02744
1.11295
1.0951
0.847903
1.05413
0.978585
1.10015
1.06687
0.873388
1.05839
1.02111
1.00657
0.960123
0.976543
1.05283
0.818324
0.99796
0.993461
1.07467
0.932908
0.836243
1.03554
1.00293
0.957421
0.953036
1.01635
0.985884
1.16917
1.05138
0.980613
0.980886
1.04126
0.791688
1.04309
1.05723
0.881824
0.875764
1.22643
1.02272
1.04126
0.984726
1.02529
1.12601
1.03718
0.956315
0.896252
1.05447
1.13623
0.939376
0.985104
1.03247
0.925122
1.00179
1.19426
0.944215
0.98576
0.853764
0.972892
1.0452
0.873471
0.888225
0.91494
1.02201
1.05272
0.934005
1.08273
0.900025
0.897174
1.00608
1.0556
0.949878
0.974918
1.12953
1.13723
1.02366
0.976038
0.97083
0.96103
0.918292
0.920003
0.979136
0.989537
1.05187
0.874713
1.05637
1.14202
0.858701
0.996547
0.98664
1.05991
0.969946
0.764954
0.988563
1.01509
1.01025
1.09285
1.00516
0.964203
1.07994
1.00919
1.04393
0.984469
0.914657
0.997682
1.09503
1.09467
1.09455
1.0385
1.02559
0.92873
1.00756
0.991388
1.02821
1.13909
0.916419
0.875255
1.00804
0.976601
1.0465
1.03052
1.00407
0.993974
1.041
0.96707
0.90455
0.962537
1.07735
1.01849
1.00953
1.04771
1.0271
0.946035
1.04872
1.1642
1.09235
1.09897
0.917243
1.02138
1.16851
0.968081
0.922201
0.939771
0.974006
1.0048
1.01697
0.954652
1.04207
0.990148
1.03629
1.01476
0.946956
0.922361
1.01891
0.918933
1.0903
0.94207
1.00889
0.953358
1.07003
1.09916
1.05921
1.02476
0.923147
1.04395
1.12433
0.849332
1.08485
1.06019
1.00899
0.993471
1.18997
1.24168
0.974791
1.02628
1.05538
0.937587
0.927048
1.03103
1.0554
1.21123
1.0985
1.03481
1.15538
1.0801
1.071
0.887427
1.01034
1.01854
0.989099
0.962271
1.02702
1.17696
0.900078
1.094
0.917349
1.0273
1.1134
1.00218
0.899348
1.02913
0.935562
1.0013
0.937144
0.798943
0.959816
0.993906
1.06165
1.01513
0.904706
0.945763
1.09075
1.01313
1.03326
0.945728
0.965457
1.09347
0.915669
0.964938
0.754347
1.0498
0.778561
1.01538
1.24613
1.13357
1.01071
0.929296
1.04689
1.0981
1.01842
1.16011
1.21641
1.08924
1.07929
0.965712
0.968693
0.99569
0.9487
0.946762
0.818236
1.17497
0.9851
0.890138
1.0026
0.952991
0.969547
1.07189
1.1446
0.928256
0.865911
1.07036
1.14839
1.04841
1.07757
0.985155
0.982402
1.04992
0.95953
1.03906
0.863417
1.01479
1.03493
0.975194
0.967431
0.901977
0.989657
0.93421
1.02548
1.05227
0.997977
1.19931
0.90759
1.03212
1.05721
1.04513
1.00526
1.0354
0.967709
0.891822
1.13585
0.967062
0.928372
1.11821
0.944368
0.981629
0.800509
0.975068
0.825229
0.975114
1.05795
0.993452
1.04608
1.19904
0.943478
1.038
0.904231
0.999122
1.07086
0.943883
0.976808
0.978989
1.01683
1.08303
1.04356
1.05261
0.795552
0.941305
1.15211
0.888485
0.933705
1.07407
0.954007
1.04236
0.95887
1.0049
1.04574
1.00644
1.11019
1.02842
1.00378
0.853494
1.11372
0.976845
1.03714
1.08127
0.960389
0.940528
1.02255
0.932771
0.861874
0.974468
1.0509
0.943848
1.03491
0.994401
0.958626
1.12988
0.988267
0.95775
1.08462
0.893503
1.01272
1.04752
0.966815
1.03366
1.06209
1.05399
0.942654
1.08503
1.08907
0.999325
0.961246
1.07388
1.09495
1.04763
1.13519
0.847671
0.8951
1.0696
1.03066
0.972182
0.989378
0.898282
0.959069
0.888153
1.05324
1.00649
1.14112
1.08071
1.07773
0.98018
1.04514
1.03535
0.948815
1.10024
1.07647
0.973383
1.02389
0.979598
1.0365
0.90068
0.945639
0.873768
0.93136
1.01609
1.04026
1.18251
1.04438
0.987637
1.1173
1.01962
0.997233
0.943945
0.912496
1.18051
0.945794
0.914591
0.88597
0.895556
0.95602
0.890917
1.02852
1.01402
1.023
0.971928
0.957219
1.00353
0.992444
0.958603
1.01211
0.95291
0.981545
1.06748
1.07839
1.03226
0.889059
0.986435
1.00393
0.933776
0.980048
0.992441
0.944135
1.05234
0.978755
0.943459
0.938275
0.984702
0.958257
0.97533
0.939939
0.916371
0.883614
0.984436
0.837942
1.04677
1.10508
1.05938
1.02071
1.13804
1.00193
1.08304
1.13464
0.86569
1.01399
1.05358
0.980474
1.04074
1.02055
1.12599
0.99246
0.973678
1.08847
0.935935
1.15149
1.05221
0.927408
1.07991
0.942616
0.950956
0.956323
1.0179
1.04473
0.998304
0.900664
0.890772
1.14019
1.25418
1.09052
0.966861
0.979432
0.965568
1.0289
0.985885
0.943343
1.09596
0.96829
1.07775
1.02341
0.949294
0.850956
1.01791
0.932294
0.891512
1.02575
0.924101
1.00189
1.06815
0.924952
0.986548
0.876553
0.951878
1.05307
1.10614
0.877703
0.860348
0.938971
0.99674
0.921065
0.957466
0.953994
0.874277
1.06005
1.02556
0.99749
1.04353
1.06361
1.14674
1.00047
1.07442
1.02773
0.934736
0.971128
1.10809
1.09667
0.973899
0.994573
0.97618
0.878957
0.892964
0.963362
0.906763
1.06494
1.17641
0.962887
0.930012
1.22794
1.06246
0.986514
1.14571
0.994849
0.99735
0.98693
1.07566
0.980558
0.991726
1.05608
0.946991
0.83655
0.898024
1.035
1.10448
0.990006
0.821874
0.95355
1.02787
0.926956
0.972678
1.00633
1.06564
0.994152
0.948008
1.05642
1.16896
1.04415
1.00665
1.09439
1.00367
1.24911
1.12384
1.07995
1.04234
0.927066
0.990819
0.924326
0.970062
0.901743
0.941411
0.861058
0.868936
1.19092
0.970434
0.988531
0.948332
0.850426
0.929298
1.15834
0.833258
1.09937
1.08447
1.03811
1.05423
1.07684
0.966574
0.918432
1.0743
0.921232
1.03016
0.972528
1.14667
1.05947
0.984475
1.12297
0.973848
0.964932
0.992348
0.995932
1.06513
0.893519
1.09141
1.06131
0.849038
1.11562
1.02124
1.00095
0.975615
1.02595
0.96902
1.0989
0.903454
1.0602
1.01464
1.09834
1.02713
0.915655
0.946999
1.11442
0.971526
0.923985
1.0966
0.90708
0.960038
0.966402
0.959799
1.01304
0.94709
1.06149
0.902767
1.00719
0.945262
1.0695
1.12204
1.01825
0.958645
1.10849
0.850686
1.03873
1.09024
1.00694
0.981563
0.930269
1.09539
1.157
0.901657
0.98673
0.936745
0.985046
1.02487
0.975748
1.03034
1.01666
0.959599
0.956015
0.940468
0.996158
0.972339
1.00591
1.02118
1.06372
0.941789
0.989997
1.04525
1.13576
1.06245
0.819622
0.966712
0.993225
0.968716
0.896859
1.09321
1.0076
1.02633
0.99982
0.921325
1.0556
1.04575
1.03918
0.979998
0.994519
0.817108
1.03427
1.08562
0.9319
1.1113
1.01537
1.02378
0.922369
0.959661
1.14373
1.07441
1.07326
1.08864
1.14354
1.03765
0.987044
1.0547
1.00244
0.951578
1.07369
1.00747
1.10816
1.08832
0.943548
1.10156
1.09502
0.963453
0.957849
0.981689
1.10244
1.10909
1.0878
1.11389
0.969896
1.0342
1.06641
1.07346
1.02011
0.937004
0.846893
0.985764
0.930739
0.983025
0.962391
0.894099
1.07339
0.953398
0.968394
1.06933
0.964366
1.13117
0.892913
0.996334
1.02496
0.995242
0.946093
1.02377
1.06693
1.0475
1.03905
1.02206
0.972082
0.882944
1.10739
0.856769
1.03748
1.03526
1.07002
1.01053
0.988237
0.887895
0.831831
1.04016
0.918091
0.975692
0.753458
1.05739
1.00872
0.915242
0.905354
0.976039
1.09011
1.02036
1.18471
0.924753
0.921961
1.10675
1.00721
1.01755
1.01294
1.0094
1.04744
1.16218
1.11956
1.01191
0.997187
0.972602
0.950104
0.885177
1.01911
0.983242
1.01521
0.914727
1.06849
1.19312
1.0204
1.04045
1.08486
0.863617
1.04789
1.11046
1.03603
1.05137
0.943369
1.08642
0.858051
1.15275
1.09917
1.04672
0.933688
1.03195
1.03355
1.02114
0.848592
0.891566
0.964048
1.01278
0.958874
0.957808
1.18903
1.06059
1.04805
1.00956
0.91454
0.851897
0.993149
0.945489
0.951009
0.991122
1.11956
0.900389
1.11055
0.982461
0.954407
0.949795
0.908771
1.13608
1.00781
1.06986
1.01958
0.909833
1.09282
1.10907
0.974482
0.960526
0.973572
1.00331
1.18734
1.16032
1.0185
0.903939
0.893995
1.00321
0.944595
1.05136
1.10004
0.875073
0.860275
1.01444
1.00685
1.0914
0.957423
1.09556
0.886186
0.895533
0.953298
0.967689
1.03174
0.987974
1.06421
1.01602
1.15699
0.857916
1.11174
0.994991
1.11894
1.04118
1.10135
1.16358
0.84116
1.04009
1.05487
0.985262
1.00373
1.06359
0.950935
1.02463
0.882855
0.984216
0.800169
1.11569
1.0451
1.00861
0.947798
0.887388
0.883868
0.986654
0.987588
0.991833
1.00278
1.03794
0.940738
0.92634
0.889967
0.901695
1.00092
1.02611
1.00386
1.06881
0.982588
0.973272
0.997095
0.973348
1.01408
1.05501
1.0196
1.00514
0.841647
0.884334
0.894783
0.955733
0.932334
0.85238
1.04652
0.935883
1.01206
0.940555
0.963533
0.970584
0.990124
0.949551
0.986772
1.06922
0.915151
1.07267
1.00822
1.00168
1.09291
0.989276
0.882193
0.949836
1.11843
1.1033
1.01324
1.03343
0.989447
0.99151
1.06886
0.958426
0.974935
1.00511
1.01226
0.891426
0.919361
0.995228
1.03275
0.94918
0.98017
1.06884
1.0368
0.795824
0.854652
0.93449
0.982568
1.03963
0.92016
1.05725
0.940271
1.08804
1.01165
0.989554
0.963489
0.908129
0.997039
1.02297
1.02571
0.996128
1.0464
1.019
1.11371
1.0724
0.995973
1.04149
0.967866
1.07816
0.984316
1.07293
0.966303
0.999654
0.961742
0.973308
0.917047
1.01608
1.03322
1.02124
0.938637
0.977334
1.12911
0.872633
1.05324
0.910852
0.874156
1.05315
1.08236
1.03557
1.0866
1.08226
0.906918
0.927467
1.07844
1.07479
0.866345
1.08513
0.942431
0.897618
0.965074
1.02367
0.949352
1.10267
0.925077
0.955104
0.955024
1.0599
0.947693
0.846731
1.14239
1.13153
0.886208
0.866672
0.995892
0.965017
1.00681
0.936555
0.940721
1.04163
0.941912
1.05693
0.912014
0.976005
0.979922
1.06881
0.850216
1.05849
1.02065
1.02307
0.943252
0.941407
1.02222
1.07642
1.0693
1.0887
1.00082
1.02029
0.911065
0.941881
1.09231
0.996323
1.06813
0.937452
0.979278
0.955724
1.17412
0.936923
0.951218
0.905997
0.834188
1.01581
0.99353
0.941469
0.92888
0.79912
1.03219
0.894806
1.0092
1.03189
1.02753
0.942079
1.01491
0.894795
0.843845
1.03994
0.875777
0.998007
0.91936
0.85955
0.890642
0.967927
1.15457
0.971313
0.938968
0.994266
0.979859
0.982757
0.873413
1.01553
1.08058
1.07985
0.982281
0.933567
0.943257
1.11414
1.03317
0.950767
0.998787
1.00259
1.01231
0.905568
0.922634
0.940399
1.06866
1.01376
1.01584
1.02547
0.905216
0.904295
0.928727
0.992991
1.0065
0.918562
1.10093
1.09042
0.990572
1.08934
1.03316
0.914289
0.949847
1.09656
0.83542
1.06783
0.787993
1.01979
1.03317
0.97649
0.961377
1.14556
0.928408
1.11686
0.967524
0.880656
1.05312
0.972042
0.870915
0.758237
1.13664
0.904669
1.01542
0.984595
0.979555
0.946877
0.902896
0.954162
0.981186
0.978863
1.06556
1.00356
1.08291
1.09335
1.09615
1.12308
0.990197
0.906222
0.976932
1.02973
1.06015
1.05021
0.855368
1.05247
1.14441
0.89072
0.981334
1.05173
0.96295
1.08586
1.00852
0.896745
1.05922
1.02259
1.02976
0.910317
0.978189
0.966715
1.04344
0.905795
1.1412
1.17021
1.09905
1.07797
1.08126
1.04995
1.11423
0.923196
0.846063
0.994667
1.0207
1.10406
0.986297
1.03264
1.04608
0.978662
1.08907
0.955602
0.847629
1.05193
0.860062
1.05568
1.03574
0.952912
1.09386
1.04178
1.25488
0.986646
0.913808
1.11625
0.945723
1.05591
0.925365
1.05174
0.928134
1.0381
0.954347
0.969067
0.931846
0.998356
1.11218
1.00012
1.12438
0.962837
1.17547
1.01095
1.15477
0.983272
1.07466
0.90942
0.977428
0.984898
0.937936
0.9694
1.0952
0.873477
0.897135
0.776667
0.987799
0.95809
0.942215
0.871664
1.06584
1.03711
1.0802
0.976238
0.96072
0.991017
0.962239
1.09575
1.01178
0.865966
1.0838
1.01451
1.07449
1.0951
0.868194
1.03331
1.0253
0.963707
1.08468
1.01417
0.910209
0.890953
1.00492
0.839
0.855454
0.942124
0.972638
0.844643
0.818355
0.906767
0.936478
0.98601
0.948871
1.05717
0.994361
0.960787
0.829086
1.03451
1.01063
1.07899
1.04337
0.977206
1.05109
1.01991
1.00141
0.956185
0.980307
1.04128
0.973383
1.07618
1.08479
0.864839
1.01589
1.01677
0.950581
1.03988
1.08513
0.875049
1.13732
0.964495
0.858615
0.981618
1.03825
0.969289
0.915186
1.00683
0.798292
1.04416
0.957029
0.913128
1.0825
1.08227
1.00111
0.992147
1.03741
1.01233
0.973838
1.00797
0.992016
1.12989
1.0285
0.931971
0.938442
1.08949
1.0771
1.01751
0.914954
0.983766
0.888559
1.04338
0.989173
0.913104
1.07532
0.954363
1.03688
0.838616
0.963079
0.980013
0.999338
1.08241
1.1131
0.966992
1.01022
0.901953
1.00478
0.962729
0.912291
0.967459
0.900757
1.08416
0.955564
1.04584
0.92407
1.08735
1.10749
0.961986
1.00505
1.05937
1.06029
1.06461
1.01972
1.09643
1.09283
0.92265
0.972245
1.03643
1.10561
0.823688
0.938343
0.960863
1.04037
0.917775
1.03158
0.971042
0.957282
0.946337
0.799654
0.958097
1.07903
1.04002
1.02316
0.925613
0.929496
0.958935
0.852007
0.996571
0.992268
1.11958
1.05636
0.946869
0.996357
1.14125
0.914486
1.07717
1.01354
1.05634
0.977795
0.906065
0.979107
0.898121
1.16856
1.10557
1.05281
1.11394
1.02423
0.98137
1.06227
0.92541
1.06856
1.08926
0.958481
0.911841
1.00408
0.921626
0.957801
0.879626
1.04553
1.04828
0.970712
1.0282
0.866101
1.02688
1.07613
1.10069
1.01693
0.843716
1.11647
1.14639
0.99511
1.10901
0.892437
1.07611
1.06637
0.964527
0.901848
1.01792
0.986699
0.810159
1.0935
1.07557
1.04774
0.9907
0.945043
1.046
1.03283
0.918822
1.12786
1.02948
0.985573
1.02625
0.941493
0.827265
0.823407
0.894722
1.01595
1.15287
0.922846
1.00265
1.06821
0.84708
1.0156
1.01359
0.893377
1.0536
0.957794
1.00791
1.00338
0.969676
0.931998
1.00989
0.968294
0.96995
1.06882
0.89827
0.832262
0.913582
0.900244
0.813221
1.16038
1.08173
0.86908
1.06255
1.14777
0.964863
1.03268
1.00176
0.876391
0.96478
1.03956
1.08357
1.06543
1.06848
1.21017
1.00763
1.11737
1.02734
1.03345
0.981016
1.00723
0.954846
0.971934
0.985481
1.08277
0.94851
0.952196
0.98194
1.04802
1.01129
1.05829
1.05351
1.24678
0.864085
1.08226
0.969547
1.00417
1.18011
1.18153
0.851475
0.911894
1.02385
0.989349
1.0006
0.898535
1.04028
1.13195
0.944357
1.04368
1.10089
1.05719
1.02354
1.02786
0.98756
1.1207
0.865054
0.959987
1.01833
1.12421
0.956578
1.0193
0.856692
1.01721
1.09782
1.14317
1.00032
0.990212
1.04196
1.13665
1.05829
0.966986
0.983925
1.07286
0.9207
0.954069
1.08051
0.797626
0.954073
1.02662
1.12626
0.881998
0.982183
0.938184
0.951769
0.875727
0.958247
1.12434
0.997077
0.849957
0.982955
0.984878
0.985846
1.05793
0.919068
0.86178
1.07553
1.11182
1.05501
0.963354
1.1507
1.01958
1.0487
1.05411
1.1045
0.861971
1.12619
1.11027
1.04955
0.936305
1.0036
1.06154
0.904169
0.970167
1.07327
1.10696
0.86226
1.02842
1.01674
1.02286
1.20734
0.909189
1.03815
0.987708
1.10176
0.934932
1.17615
1.11327
0.977239
1.01266
1.28172
0.987623
1.01606
0.933349
0.867949
0.944278
0.973688
0.883869
1.03344
0.961702
1.00081
0.867443
0.937335
0.940159
1.06894
0.906056
0.990093
0.859122
1.04269
0.970884
1.07015
0.948084
0.983678
1.01108
0.924051
0.958989
1.09473
0.824497
0.922327
0.934786
1.03612
1.04314
1.05409
1.082
0.945443
1.01954
1.00903
0.937992
1.00368
0.851976
1.02457
1.06774
0.90912
0.956247
1.00632
0.958616
1.05822
0.957261
1.01618
1.08768
0.97404
1.00714
1.01798
0.881982
0.976365
1.04906
1.05171
0.89302
1.18758
0.970104
0.967039
1.03176
0.852903
1.01779
1.16751
1.04125
0.994063
0.913983
1.03742
0.968045
1.04353
1.07439
0.875326
1.01487
1.06981
1.04877
1.02791
0.927473
1.09553
0.962154
0.982164
0.992344
0.954527
1.10686
0.93066
0.996837
1.04817
0.976904
0.96003
0.98714
1.05981
1.01335
0.888481
1.0243
1.03948
0.9261
1.02547
0.977585
0.867859
0.935741
0.981458
1.03068
0.977785
1.0422
0.871635
0.966423
1.02335
0.999409
1.00149
0.958918
0.966512
0.972326
0.993439
0.934557
0.944803
1.01792
1.04489
0.987923
0.98242
0.995361
1.08772
1.0059
1.0471
0.950863
0.98737
1.07614
0.939674
1.05495
1.07756
0.924831
1.05663
1.04995
1.1481
1.05155
1.00606
1.01609
0.936278
0.975196
0.996886
1.11649
0.977208
0.987627
0.888346
1.00223
1.08556
1.01007
0.92659
1.12364
0.975618
0.990612
1.07472
1.0037
1.01365
0.990225
0.982365
1.06018
1.0698
0.970444
1.0488
1.12658
1.07918
1.08755
1.11426
1.00235
1.05795
0.934869
1.07958
0.992466
1.06813
0.977452
0.880585
0.953591
1.00611
0.98974
1.0066
0.954678
0.920995
0.93496
1.00864
0.926284
1.04802
0.992534
1.18299
0.922343
0.960357
0.963842
1.03335
0.891292
0.935942
1.10593
0.998063
0.961602
0.947332
0.928349
1.10355
0.935703
1.047
0.969445
0.908447
1.10231
1.0895
0.979708
1.11794
0.976539
0.981727
0.960568
1.01079
1.01444
1.09447
0.928818
1.02335
1.05906
0.899138
1.07849
0.975946
1.10841
1.06838
1.06174
1.02443
0.854144
0.939448
0.95929
0.954461
1.0043
1.05815
0.936741
1.14713
0.952109
1.13206
1.00287
1.21258
1.06461
0.9828
0.9455
1.07929
0.844244
1.00196
0.897899
1.005
1.01996
0.951492
0.949102
0.958649
1.03415
1.09741
0.924149
1.06463
1.03011
1.05147
1.0734
0.792202
1.04235
1.10201
0.887433
0.946114
1.04718
1.00337
1.00348
1.06642
1.03682
1.04131
1.05427
1.14117
0.788099
1.09382
1.0914
1.03652
0.895513
0.928064
0.956431
0.982582
1.12522
1.05215
0.988424
1.09992
1.04236
0.974398
1.02842
0.950047
0.966147
1.07213
0.922832
1.1881
0.953757
1.08477
0.930252
0.946456
1.07725
0.965822
1.02097
1.11601
0.987777
1.05538
1.1301
1.02099
0.977601
0.936663
1.02941
1.06875
1.04085
0.949458
0.998057
1.03308
0.930522
1.14737
1.00533
0.991856
0.803062
0.955535
1.11605
0.880429
0.880518
1.0336
0.841118
1.14265
0.89669
0.844347
1.02624
1.07718
0.942009
0.846071
1.1195
0.978493
0.943705
1.04171
1.12472
1.03835
1.03299
0.936246
1.14115
1.02465
0.895202
0.956948
0.897355
0.862199
0.941013
1.01241
0.927329
1.00319
1.16271
1.03547
1.00896
0.991993
1.05403
1.01448
0.968214
0.96537
0.922097
1.02712
0.872178
1.06069
0.900263
0.967389
0.914164
0.943245
0.945529
1.02924
0.902427
0.916504
0.99266
0.916715
0.944219
1.17126
0.948182
0.869388
0.965102
1.13056
1.04393
0.988486
0.944696
0.991253
0.90568
0.956437
0.985167
1.07824
1.02236
1.01133
1.10501
0.956095
0.992834
1.11545
0.975538
0.94693
0.970664
0.993172
1.01121
1.10211
0.950562
0.942369
1.06734
0.986901
0.925308
1.10521
0.915272
1.02001
0.995157
1.03957
0.884999
1.14427
1.09045
0.841167
0.960942
1.02474
0.920982
0.975212
0.962816
1.01622
1.1247
1.01906
0.967995
1.03268
1.01262
1.12359
0.930297
1.04342
0.973457
0.996795
0.924189
1.03376
0.95019
0.965894
1.00139
0.868932
1.15997
1.08417
1.05835
1.1351
1.01802
1.13362
0.936296
1.12899
1.05533
0.944717
0.828957
1.08892
0.929413
1.11982
1.10478
1.08032
1.05416
1.0419
0.934485
0.990046
1.03278
1.21651
1.08551
1.04409
1.04991
1.02419
1.0704
0.965481
1.12404
1.08466
0.966621
1.08933
1.11308
0.841672
1.04496
1.04647
0.980206
0.963776
1.13298
0.864788
0.902139
0.976299
0.925638
1.08225
0.937173
0.900235
1.03961
1.02014
1.06859
0.84549
1.0426
0.942645
0.924765
0.935556
0.835559
0.771797
0.808397
0.942104
1.07011
0.905403
0.934986
0.940027
0.991247
0.975012
0.909517
0.915835
1.08211
1.03015
1.13504
1.031
1.01113
0.927193
1.06089
0.991817
1.04175
0.905543
0.934428
0.955349
1.15909
0.932221
0.878042
1.16194
0.939818
0.943514
1.00319
0.91117
0.880733
1.01712
1.07161
1.13479
1.0812
0.898841
1.0646
0.861774
0.943419
0.857042
1.0537
1.10681
1.07224
0.938382
1.17913
0.815008
0.925469
1.05569
1.02868
1.04633
0.976151
1.00575
0.907437
0.906349
1.04787
1.0173
1.21533
0.935318
1.02834
1.03031
1.00548
0.943789
1.00251
0.916781
1.07138
0.936802
0.945094
1.04459
0.897548
0.984632
0.996079
0.99353
1.10556
0.862525
1.05946
0.826855
1.00504
1.06888
1.019
0.864237
0.984225
1.07704
0.976395
0.94593
1.08679
1.08473
0.885412
1.06204
1.05416
0.957744
1.09574
1.0313
0.925123
1.04244
0.925007
1.05246
1.1043
0.960095
1.01581
0.985155
0.997267
1.05744
1.04102
0.97572
0.909281
0.970525
0.988729
0.984292
1.00332
1.07417
0.873138
1.05056
0.948783
1.05164
0.99802
1.02933
1.00411
1.02883
0.890681
0.975116
0.961322
1.127
0.956003
0.855174
0.849906
0.913388
0.950663
1.07982
0.897042
0.975721
0.927965
0.994861
0.966506
0.960787
0.955511
0.892716
0.858441
0.941316
1.06971
1.02075
0.853365
0.741694
0.949053
0.943267
0.9789
0.832603
0.981247
0.941523
0.987016
0.825078
0.931011
0.857144
1.00437
1.10796
0.859704
1.01191
0.962743
0.922735
1.00462
1.181
0.966697
1.12168
1.09876
0.999517
0.983091
0.854743
0.942867
1.01897
0.949584
0.941859
1.03498
0.930928
1.13562
1.06585
1.0466
0.956008
0.970031
0.814626
0.819699
0.997252
1.02363
0.894151
0.912259
1.08917
1.10735
1.04536
0.885082
0.933209
0.978001
1.09007
0.907151
1.01945
0.982831
1.03668
0.894644
1.09241
0.989242
1.08427
1.1083
0.958842
0.789626
1.01186
0.897904
1.05039
0.978624
0.875677
0.896419
0.975499
0.858567
1.04404
1.02968
1.16213
0.976694
1.10164
0.944712
0.89701
0.981258
1.02252
0.947801
1.02233
1.10348
0.974442
0.914427
1.00848
1.06111
0.896415
1.07202
0.959091
0.903655
0.977556
1.0926
0.965294
0.918951
0.992144
0.929318
1.09372
1.03322
0.93611
0.848921
0.883685
1.08618
0.98683
1.04566
0.992581
0.926811
0.927392
1.01416
1.00289
1.06352
0.961455
1.00516
0.998272
1.03176
0.955667
0.944907
0.984497
0.956722
0.979909
0.99834
1.00942
1.04937
1.00346
1.16224
1.00021
0.986276
0.96601
1.10602
1.10423
1.19217
1.1331
1.04272
0.963696
0.866158
1.08588
1.03522
0.993625
0.904636
0.967093
1.05571
1.12347
1.02321
1.10624
1.12497
0.766174
1.10469
1.10949
1.02229
0.973507
0.976648
0.926957
1.00263
0.976305
1.06549
0.905026
0.965953
0.96893
1.03559
1.05236
0.976856
0.979859
0.982078
0.985731
1.06567
1.15156
0.972956
1.06598
0.844381
1.05565
0.985916
1.04009
0.993127
1.08581
0.882763
1.02855
0.867205
1.05073
0.91267
0.964501
1.05518
0.830522
0.989819
1.0008
1.12209
1.0009
1.05026
1.15997
1.00898
1.09594
0.977255
0.936591
1.20189
1.08738
1.00267
1.05597
1.1781
1.0376
1.05811
1.02649
0.965659
0.976052
1.1387
1.02225
1.10229
1.11628
1.0092
0.928236
0.913337
0.940199
1.12355
0.924255
1.10915
0.923532
1.06133
0.968853
1.07319
0.956382
1.12677
1.13504
1.14774
0.900885
1.15018
1.05659
0.916803
0.905411
1.07257
0.956185
0.858992
1.02281
0.915309
0.95314
1.02646
0.949974
1.06375
0.854468
1.00091
0.91643
0.941771
0.998347
1.13369
1.1209
1.04272
0.98449
0.97182
1.1788
0.866076
1.02278
1.00055
0.89845
1.16286
1.1216
1.16396
0.961283
1.07555
0.920021
1.08966
0.956643
1.08032
0.937303
1.00771
0.993011
0.93951
1.05438
1.09073
0.926435
1.11537
0.900928
1.05652
1.02429
0.936353
1.02398
1.08732
1.04098
0.86132
0.949025
0.928144
0.948587
0.978634
0.856043
1.05754
0.844168
1.06409
1.02222
1.07976
1.04386
1.10309
1.11425
1.05711
1.08715
0.937808
0.982914
0.835293
0.92138
0.962762
0.903712
1.1113
0.782169
1.20469
0.75624
1.00654
1.04541
0.988049
1.05377
1.0343
1.08234
1.01121
0.988654
1.07376
1.00009
1.12396
1.10594
1.1276
1.06692
1.02314
0.990054
0.89842
1.02586
1.05625
1.10372
1.07607
1.08821
0.964487
0.975212
1.1178
1.01139
1.0873
1.01342
1.00377
0.995449
0.920092
0.958798
0.967369
1.05992
1.2356
1.07532
0.920444
0.957648
1.04814
0.92385
0.961859
0.94277
1.07359
1.03484
1.05881
1.01235
1.02039
0.934476
1.00813
1.04237
0.959008
1.0952
0.944588
0.919687
1.00751
1.01073
0.963759
0.895991
0.977564
0.966158
1.02354
0.932129
1.12869
1.0494
0.985282
0.966604
1.05707
0.9133
0.947899
0.975586
0.993754
1.02005
1.06973
1.10303
0.827721
0.94504
0.96999
0.975998
1.0072
1.03219
1.0102
1.04201
1.04188
0.862218
1.00894
0.9411
0.970199
1.02385
0.962403
1.04396
0.941937
1.06254
0.972469
1.00495
1.09084
1.16875
0.902859
1.03409
1.00351
0.922049
0.991182
1.15013
1.03977
0.873074
0.900901
1.1039
0.969769
1.01466
0.993425
1.00284
0.996654
0.957681
1.11253
0.955039
1.03711
1.00372
1.00136
1.00857
0.941176
0.977877
0.990785
0.889484
1.0399
1.01784
0.928098
1.01105
0.808352
0.951786
1.07411
1.00919
0.8927
0.984737
0.906866
1.00898
0.8983
0.92158
1.12128
0.918276
0.851393
1.04141
0.933448
0.997794
0.895944
1.02425
1.05748
0.886957
0.895276
0.838483
1.07829
0.991378
1.07868
1.01255
1.11628
0.974012
0.917025
0.966119
0.841342
1.01321
0.944454
0.938719
1.04406
1.10339
0.878293
1.13316
0.969427
0.949618
0.980006
0.987145
1.11145
0.904191
1.04351
1.1315
1.13743
0.984286
0.947624
0.893565
0.98891
0.966452
0.956795
0.990423
1.03709
0.883244
0.869424
0.989236
0.821263
0.98897
0.947066
0.92015
1.06279
1.09641
0.986048
0.988271
1.1092
0.948887
1.03354
1.09382
0.985775
0.928343
0.86126
1.06578
0.92028
0.927765
0.875741
0.96627
1.02731
0.98216
1.00142
0.947758
1.01364
1.09003
1.08518
0.917899
1.03309
0.919677
1.01515
0.982231
0.915446
0.945175
0.873543
1.15669
0.964611
0.947836
1.04972
1.15346
1.0104
0.973872
1.06249
0.970378
0.961876
1.03803
0.943513
1.07386
1.01861
0.858546
0.914734
0.947543
1.06392
0.847709
0.928403
1.01955
0.927873
0.968547
0.853405
0.951782
0.919276
0.940802
0.995684
1.04346
1.07485
0.928955
0.916499
1.11816
0.931487
0.950811
0.984016
1.26634
1.10749
0.955225
1.007
1.03024
0.954057
1.02469
0.938339
1.12382
1.13754
1.01906
1.02139
1.04552
1.02602
0.859588
0.972883
1.16112
1.04751
0.978586
1.10998
1.1146
1.07887
1.07228
0.984711
1.25384
1.09352
0.81482
1.0145
0.968161
0.917868
0.998017
0.924802
1.01455
1.01551
0.992546
0.991426
0.892233
1.04947
0.926854
0.890718
1.00697
1.0411
1.10155
1.03059
0.889321
0.989431
0.959906
0.985287
1.10703
0.937213
1.06143
1.03239
1.0403
1.05495
0.901773
1.1207
1.11233
0.955754
0.930523
1.09468
1.03233
1.08078
0.901209
0.947473
0.985009
1.03854
0.924314
1.02172
0.894172
1.10649
1.05609
1.00718
1.14689
1.01791
1.08188
0.927871
1.01982
0.997035
1.11089
0.89421
0.998475
0.916578
1.10144
0.890786
0.870253
1.08218
0.91032
1.09595
1.09466
1.06967
0.959158
0.919018
0.963269
0.811293
1.10184
0.920031
1.03686
0.980317
1.01959
1.09752
0.994024
0.92653
1.02076
1.02105
1.05142
1.07534
1.05929
0.985121
0.947145
0.923153
1.04788
1.04773
0.900544
0.989311
0.963853
0.962204
0.952482
1.11159
0.997726
0.899618
0.932421
1.14957
1.08605
0.842408
0.946166
0.877007
1.07574
1.0844
1.04958
1.03581
1.01466
0.984482
0.975257
1.07433
0.940746
0.973478
1.02072
0.936615
1.09608
0.862689
1.04248
1.00993
1.00477
1.00423
1.03347
1.05394
1.0468
0.98941
0.979065
1.23941
1.16093
0.910217
0.849357
1.03825
1.16113
0.943256
0.894372
0.918484
1.01285
1.03431
0.976088
1.03179
0.952939
1.02371
1.01593
0.945974
0.991133
1.06424
1.10119
0.984432
1.01929
0.993458
1.06838
0.867053
0.936186
1.12046
0.929716
0.997835
0.979668
1.08067
0.941124
0.968861
0.91347
1.08136
1.04422
0.860862
0.920318
0.944206
1.06308
1.0251
0.866432
0.932936
0.929616
1.10269
1.00904
1.02986
0.962272
0.955202
0.988658
0.892197
1.13385
1.09249
0.849049
0.989355
1.03889
0.991655
0.950191
0.952969
1.08576
0.92059
1.05288
0.918298
1.04082
0.987192
0.942262
1.12563
0.934364
1.02365
0.935423
0.950379
0.912492
0.916926
0.897605
0.887229
1.0806
1.01666
0.972522
0.982521
1.02161
0.924076
1.02658
1.04957
1.10003
0.896253
0.808574
0.980329
1.05931
1.13435
1.00902
1.04181
0.93905
0.972682
1.05258
0.965673
1.00785
1.06612
1.00101
0.861487
0.959218
1.24988
1.07619
1.13329
0.921068
1.14791
0.976773
1.13498
1.0188
0.864857
0.918594
1.05518
1.07392
0.994868
1.05746
1.0029
0.934074
1.04216
0.998014
0.977823
1.0724
1.06279
0.95488
1.14733
1.04018
0.998039
1.00546
1.0503
1.13105
0.946097
0.992434
0.906178
1.0445
0.930924
1.0301
0.89415
0.981686
0.942697
1.05718
1.00657
1.04255
0.932995
0.956689
0.880105
1.08186
0.89841
0.966532
1.05534
0.9975
1.03649
1.02698
0.975497
0.929813
1.02736
0.987027
0.975212
1.00434
0.964582
1.00188
0.891809
0.903807
0.866202
0.948747
0.874109
0.89816
1.1967
1.02352
1.05382
0.978542
1.06471
1.09841
1.18228
0.984336
1.02748
0.96737
0.829402
1.11959
1.04829
0.828967
0.96176
1.04601
0.973341
1.04191
1.03373
0.957291
0.995053
1.0238
0.965676
1.07367
0.992446
1.02803
0.906031
0.949827
0.992387
1.10365
0.950642
1.06647
1.1194
1.07793
0.916686
1.10056
1.02109
1.10458
1.00962
1.1138
1.12947
1.07392
1.12638
0.879838
1.02282
0.942282
0.965248
0.935605
0.981653
1.03748
0.947622
1.12147
1.18603
1.01228
1.0418
1.06369
0.903471
1.06023
1.14484
1.07153
0.937541
0.918868
0.873602
1.17061
1.01094
1.01808
0.969948
0.936747
1.03405
1.044
1.02586
0.828613
1.08396
1.04843
1.18126
0.907193
1.05651
0.98726
1.0528
1.01156
1.13042
1.01567
1.05615
0.92761
0.953503
1.1006
1.08318
1.1467
1.01318
0.858325
0.958888
0.899008
1.03381
0.990253
0.907039
0.893802
1.09002
1.05114
1.18952
0.935036
0.962931
0.95039
1.168
1.08583
1.02507
1.10472
0.940956
1.03339
1.04489
0.845239
0.890125
0.947238
1.00008
0.958486
0.965247
0.950023
1.0902
0.995845
0.956882
1.05443
1.11234
0.947151
1.07093
1.18349
1.06558
0.946099
0.917419
0.930344
0.952847
0.980894
1.22208
0.993852
0.954386
1.07565
1.03108
1.08651
0.962705
1.08373
1.01109
0.961985
0.923655
1.00625
0.865993
1.09414
0.967262
1.08043
0.9002
0.814678
1.10743
0.882484
0.854412
1.16666
0.968855
0.945591
0.938611
1.02972
0.924241
1.05158
0.966308
0.862023
0.966935
1.25294
0.928384
1.04203
0.905867
0.951439
1.03366
0.911658
1.07071
1.0843
1.04643
1.13122
0.960349
0.908201
1.05967
1.03582
1.0783
1.07765
1.08993
1.13516
0.913105
0.900489
0.977834
0.847306
0.978535
0.967409
0.939291
1.06775
0.875544
1.08625
0.845184
1.06424
0.911255
0.950899
0.980114
0.846351
0.891917
1.01919
1.06907
1.0299
1.1079
1.01779
1.07758
0.98532
0.926695
1.02757
0.930297
0.947723
0.978298
1.15881
1.03212
0.947792
1.17698
0.967849
1.04119
1.17172
1.11359
0.893165
0.952079
0.979231
1.06545
0.987088
0.875929
1.02122
0.895053
0.943348
0.981264
1.02553
1.06558
0.960322
1.05759
1.09775
0.763353
0.975265
0.938119
0.954021
1.06094
0.970189
1.03067
0.883382
1.07455
1.05028
1.12605
0.975512
0.943474
1.06444
1.0784
1.06144
1.16703
1.03968
1.03143
0.993061
1.02437
0.946987
0.83792
0.886598
0.830595
1.06872
0.957307
1.03503
0.86032
0.967178
1.17122
0.89101
0.995436
0.964381
0.851129
1.16897
1.01865
1.11133
1.02506
1.1342
0.902885
1.08872
0.923038
0.973383
0.928294
1.09466
1.00087
1.03871
1.00555
1.04717
0.940584
1.10992
0.91432
1.00543
1.05621
0.966903
1.12561
1.17806
0.901923
1.15823
1.03612
1.00576
0.983994
0.996921
0.958482
1.00128
1.05247
0.957734
1.08166
0.903797
0.89146
1.05503
0.985283
0.99077
1.05126
1.09859
1.02736
0.876832
1.00194
1.07422
0.97104
0.9661
1.02641
1.16051
0.90335
1.07874
0.866165
1.00624
0.937724
0.920338
1.05525
0.910169
0.92654
1.13201
0.951794
1.19609
0.951724
1.02121
0.923105
0.948718
1.13272
1.05435
1.07172
0.925639
1.12896
1.16415
0.953964
0.989776
0.983634
0.991728
0.887953
1.0336
1.04456
1.09015
1.03995
0.959827
1.07645
0.932104
0.979125
0.89772
0.836757
0.981782
1.09718
0.94766
0.953506
1.09434
1.08822
1.06253
0.931311
1.0646
1.14352
1.07622
0.9769
0.858218
0.969981
0.928017
1.01987
0.965222
0.992022
0.768159
0.975423
1.13511
1.00894
0.941441
1.12539
1.07867
1.00216
1.1124
0.974477
0.910069
0.806877
1.06893
1.02311
0.837889
0.977787
1.10491
1.00094
0.993172
0.98492
0.918839
1.04662
0.965809
1.01533
1.07686
0.978015
1.0215
0.953716
0.867045
1.01809
1.04626
1.01171
0.999112
1.06007
1.03671
0.972819
0.865527
0.863335
0.882657
1.1303
1.03609
0.932846
1.10384
0.872055
0.923225
0.972034
1.1452
1.07859
1.08968
0.995285
1.07132
0.910774
1.1333
1.05429
0.927987
1.02414
0.960423
0.889299
0.976747
0.865888
0.88578
1.01186
0.885839
1.10931
0.949398
0.952109
0.969346
0.9692
1.0152
1.00452
0.929727
0.972578
1.12886
1.01037
0.902644
0.953505
0.956779
1.01037
0.981608
0.998786
1.06016
0.929232
0.958315
0.966022
1.04394
0.941658
0.97851
1.15938
1.0676
1.02564
0.944406
0.982467
1.10262
0.999254
0.858698
1.05401
1.01425
0.782352
0.89045
0.902841
0.854617
1.11955
0.861579
0.889747
0.970866
0.964142
1.03159
0.975439
0.955633
1.03076
1.03108
1.07328
0.913854
1.01852
0.95454
0.831766
0.945094
0.968225
0.929311
1.07301
1.12828
0.999279
1.18802
1.02788
1.02774
1.03602
0.903906
1.0929
0.902169
0.970772
0.979083
0.897178
1.07325
1.15854
1.01871
0.898517
0.985348
0.983089
1.0747
0.988437
0.975513
0.953142
1.07804
1.07512
1.00216
0.998323
1.02546
0.941101
0.921232
0.977374
0.893591
1.13583
1.16936
0.932139
0.960762
0.924109
0.986741
1.1636
1.3175
0.978018
0.987961
0.988891
0.890429
1.17102
1.06606
0.902161
0.991189
0.925138
0.944407
0.878
0.987973
0.8796
1.0696
0.871858
0.940929
0.951384
0.937722
0.999794
0.97007
1.03186
0.900067
1.09976
1.05821
0.964004
1.01261
1.15806
1.07086
1.06173
1.02006
1.06721
0.925533
1.24361
1.14195
0.993058
1.07379
0.943167
1.00053
0.985889
1.00284
0.838624
0.981618
0.875388
0.99027
1.15759
1.01926
1.06557
0.96179
0.931377
0.950748
1.11322
1.10688
0.940309
0.940657
0.916991
0.948536
1.12081
1.05294
0.926186
1.10436
0.959527
0.976947
0.954283
1.04832
0.967293
1.06647
1.15997
0.927118
1.08914
0.891192
1.00877
0.908067
0.890108
1.08623
1.06581
1.12792
1.11258
0.971315
0.989763
0.983085
0.97566
1.06017
0.918076
1.12304
0.976312
0.993643
1.04089
1.07881
0.977095
1.03732
1.05501
1.14077
1.09364
1.02231
0.940812
0.870099
1.02779
0.966546
1.04965
0.99889
0.908186
1.07211
1.24175
1.03849
1.03542
0.993478
0.983576
1.12382
1.07493
1.00169
1.04426
0.940004
0.922054
0.974801
0.91874
1.01708
1.00072
1.1149
1.02978
0.970845
1.00626
0.92799
0.914319
0.947524
1.00816
1.08843
1.10728
0.965347
0.936818
1.16291
1.06169
0.93075
1.01214
1.0063
1.01011
1.1453
0.931363
0.937192
1.14884
1.02216
0.92582
0.959506
0.869298
1.06457
0.968783
0.979512
1.06421
0.911637
1.08453
1.09612
1.08776
1.00613
0.941462
0.858523
1.05625
0.872045
1.03973
1.07277
0.99326
1.06111
1.04289
1.1437
1.04046
1.03523
1.08141
0.861844
1.01195
0.913264
0.997958
0.934279
1.01186
1.07857
0.962474
1.06667
0.952058
0.918848
0.927916
1.03685
0.90784
0.945783
0.924112
0.963918
0.891488
0.962406
1.08176
1.1037
1.02191
1.05867
0.950628
0.956029
0.808238
0.873676
0.902608
1.04667
0.809668
0.908524
1.12672
1.00922
0.986118
0.847777
0.926172
0.851942
1.0984
1.00825
1.14019
0.868726
1.02918
1.02997
0.950064
1.05309
1.0368
1.09312
0.971361
0.965119
1.065
1.0138
1.02682
0.928437
1.0091
0.968254
1.02792
0.997301
0.941747
0.895947
0.946543
1.12035
1.0082
0.909155
1.04495
1.02466
0.870019
0.986405
0.844487
0.90993
1.05618
0.946633
0.99454
0.94574
0.970323
0.856788
0.938305
0.939842
1.16349
0.96659
1.08279
0.976376
1.10852
0.972528
1.06924
1.01996
1.09516
0.897439
1.03672
1.01379
0.948296
0.922524
1.08164
0.941152
0.937531
1.06047
1.04998
1.04936
0.883913
0.974839
0.850936
0.943407
1.18312
0.898364
0.904196
0.948218
1.10283
0.971273
0.882112
0.925424
1.00885
1.0663
0.998669
1.00844
0.99268
1.06852
1.08104
0.947649
1.11646
0.925365
0.943122
0.820899
0.986161
0.994793
0.97741
0.976504
0.927683
0.982176
1.05101
1.01168
0.894422
0.938931
0.944635
1.16124
0.97032
0.889151
0.920476
0.949047
1.00591
0.895142
0.867409
0.910988
0.973962
1.13156
0.936923
1.03244
1.03845
1.09366
0.912082
0.920822
1.08102
1.00507
1.0011
0.977781
0.884462
1.04917
0.947663
0.944858
1.00515
1.0571
1.03673
0.918503
1.06513
1.00378
1.19033
1.08198
0.918561
0.886136
1.0308
1.10077
0.915754
1.08274
0.994277
1.14353
1.13864
0.79634
0.860128
0.991237
0.92515
0.967991
0.934207
0.912255
1.08697
1.11464
1.0094
1.0215
0.971723
1.02302
0.835996
0.982413
0.956337
1.1243
1.15604
0.942327
1.04027
1.07801
0.958141
1.01817
1.00935
1.05403
0.950456
0.998568
0.933396
1.01127
1.03679
1.04644
0.937075
0.969874
1.12621
1.01703
0.95579
0.940867
1.04051
0.864053
1.16855
0.995155
1.0107
0.954656
1.16809
1.0836
1.11428
1.13659
0.999052
1.07418
1.03862
0.989143
1.04559
0.933063
0.975745
0.999757
0.929673
1.01935
1.07505
1.05781
0.938954
1.07055
1.14187
0.973247
1.14771
1.1305
1.14358
1.07191
0.808073
0.997481
0.985201
0.92792
0.940619
1.04922
1.08816
0.964981
0.950241
1.00536
1.05343
0.875805
0.896684
1.04165
1.08672
1.09579
0.93487
0.963353
0.872232
1.02646
1.03959
1.00022
1.05706
1.09764
1.01034
0.950157
1.00217
1.06986
0.860218
1.02395
1.12146
1.04135
0.964957
1.04235
0.939696
0.909784
0.914834
1.07839
0.946308
1.05605
0.86644
0.968091
0.982714
1.01576
0.936675
1.04138
0.982331
1.00547
1.05961
0.963833
0.898316
0.957133
0.791396
0.923401
1.03553
0.953065
0.968279
1.03447
0.999789
1.05945
1.1079
0.974261
0.940077
0.945439
1.01036
0.998336
0.939323
1.12766
1.03165
0.920625
1.08785
0.930204
0.911382
1.11393
1.10207
0.99234
0.936457
0.940182
0.952975
1.01789
1.00231
1.08336
0.982303
0.995984
1.09032
1.08507
0.962788
0.987735
1.1218
0.902639
1.17812
0.92564
1.10287
0.98414
1.09084
1.02853
1.0978
1.10239
1.08505
1.04521
0.964092
1.11751
1.11875
1.19004
1.00836
1.08788
1.06394
1.02038
1.01339
0.965009
0.975735
0.955361
1.01587
1.02833
0.98864
0.995217
0.912638
0.951417
0.905842
1.04827
1.02126
0.993938
1.05034
0.922322
0.875412
1.01398
1.04617
1.08383
0.913906
1.18989
0.832038
0.996627
1.05479
1.06811
0.924583
1.01978
1.16211
0.984874
0.909791
1.07619
0.945006
0.845663
0.910923
1.0446
1.02291
0.831175
1.06984
1.14573
0.941416
1.01756
1.09801
1.04886
0.937077
1.07848
1.00534
1.14703
1.11578
1.00934
1.00261
0.966135
0.942258
0.959181
0.9737
0.924009
0.949006
0.889452
0.971518
0.948515
1.09694
0.980531
1.09039
1.03945
1.01441
0.985746
0.8597
0.850867
1.02465
