0.998836
1.00061
0.997637
0.99684
1.00195
0.99899
0.999284
1.00093
1.00329
0.995143
1.00047
0.998475
0.997277
1.00109
0.996424
0.995202
1.00575
0.99923
1.00065
0.998307
1.00366
0.998202
1.00127
1.00224
0.998869
0.999717
1.00019
0.999074
0.993988
1.00159
0.994457
0.999673
0.996377
1.00112
0.998906
0.999453
0.997308
1.00252
0.998704
1.00028
0.997733
0.999322
1.00415
0.998391
1.00003
1.00239
0.997906
0.996454
1.00005
0.998158
1.0039
0.999731
0.997468
0.99915
1.00171
0.994978
1.00044
0.997983
0.996595
0.999883
0.995223
0.995695
1.00441
1.0026
1.00044
0.999724
1.003
0.993524
1.00229
0.997962
0.999119
1.00092
0.99731
1.00201
0.999322
0.998189
0.999166
1.00178
1.00311
1.00223
1.0025
0.995458
1.0016
1.00201
0.999671
0.999678
0.99936
1.00158
1.00018
1.00229
0.999956
0.996972
0.997686
0.99964
1.00431
0.998248
1.00288
1.00428
1.00405
1.00233
0.998869
0.996556
1.00133
1.00001
0.999775
1.00451
0.997784
1.00067
1.00388
1.00081
1.00264
0.997574
0.999813
1.00333
1.00089
0.995585
0.999661
1.00039
0.99996
1.00361
1.00225
0.997949
0.994747
1.00207
0.995275
1.00157
1.00403
1.0029
0.999278
1.00073
0.999199
1.00076
1.00175
1.00177
1.00059
0.996662
0.99969
1.00016
0.995997
0.992998
0.998698
0.997778
1.00124
0.99865
0.99973
1.00327
0.995839
0.998496
0.998581
1.00019
1.00173
0.997792
1.00139
1.00461
1.0041
1.00196
1.00052
0.998452
1.00145
1.00015
1.00332
0.999569
1.00027
0.997754
0.999227
0.999579
1.00622
1.00123
0.997028
0.999109
1.00226
1.00166
1.00302
1.00625
1.00019
1.00186
0.998018
0.999695
1.00183
0.999117
0.997902
0.993463
0.999957
1.00413
0.994014
0.998979
0.996402
1.00196
1.00088
1.0013
0.996744
0.997056
0.998101
0.999299
1.00126
1.00028
0.999187
1.0026
0.997712
1.00033
1.00585
1.001
0.998259
0.997843
0.998099
1.00065
0.996966
0.997006
0.997521
1.00043
1.00491
0.99803
1.00141
1.0002
1.00112
0.998278
0.99932
0.9998
0.995937
1.00208
0.998499
0.995427
0.997909
0.999233
1.0009
0.999815
1.00482
0.998042
1.00107
1.00339
1.00285
0.999423
1.00329
0.997413
1.00062
0.999345
1.00051
0.998753
0.998104
0.999651
0.999864
0.997841
0.99845
0.99759
0.996817
1.00499
1.00276
0.995221
1.00196
1.00043
1.00246
0.99787
1.00251
1.00258
1.00178
0.998517
1.00099
1.00091
0.998952
1.00223
0.999854
1.00126
1.0023
0.99612
0.999231
1.0018
1.0017
1.0004
0.999928
0.996334
1.00012
0.996994
1.00132
0.997992
1.00145
1.0034
0.999488
1.0003
1.00058
1.00003
0.996556
1.00292
1.00238
0.996451
0.999037
0.999517
0.999224
1.00288
0.997521
1.00264
0.999898
1.00129
0.997995
1.00122
1.00265
0.999317
0.998806
1.00002
0.99885
1.00032
0.998293
0.9981
1.00332
1.00064
0.995755
1.0033
0.999295
1.00316
1.00132
0.999419
0.998114
0.99978
0.994001
1.00037
1.00133
0.994676
0.997013
0.996938
0.999698
1.00163
1.00325
0.997549
0.996605
1.00239
0.996591
0.997651
1.00076
0.998023
1.0019
0.999473
0.997771
1.00255
1.00234
1.00214
0.998149
0.993854
1.00305
1.00285
1.00137
1.00293
1.00278
1.00106
0.999497
0.995424
0.997658
1.00351
1.00141
1.00039
0.996987
0.997537
0.99494
1.00299
1.00456
0.995598
1.00056
1.00041
0.998776
0.999877
0.99511
1.00289
1.00193
0.997703
1.00006
0.998618
0.996264
1.00541
0.999541
1.00183
0.997044
1.00075
0.997891
0.998893
0.999494
0.995913
1.00124
0.994803
0.997525
0.999314
1.00137
1.0019
0.99874
1.00028
1.0003
0.995892
1.00438
1.00013
1.00148
0.999946
0.996994
1.00124
1.00174
0.999716
1.00307
0.996628
1.00181
1.00153
0.998567
1.00286
0.999766
0.998111
1.00078
1.00182
0.999569
1.00303
1.00173
0.998431
1.00158
1.00187
0.997458
1.00214
1.00141
1.0042
0.998887
1.00019
0.997893
0.997956
0.999839
0.999791
0.998684
0.998808
1.00157
0.998663
1.00114
1.00239
1.00005
0.998211
0.999295
0.997672
0.999594
0.998077
1.00271
0.999484
0.999378
1.0012
0.999462
0.999294
1.00554
0.99895
0.999446
0.999516
0.997831
0.998327
0.997541
0.99689
1.00398
0.999929
1.00063
1.00039
1.00053
1.00102
0.997305
1.00285
0.997172
0.997948
0.99837
0.997497
0.99929
1.00335
0.997141
0.999029
1.00187
0.996082
0.996994
1.00072
1.00277
0.995439
1.00321
0.999925
1.00143
1.00139
1.00019
1.00056
0.998683
0.999348
1.00107
1.00002
1.00039
1.00317
0.999041
0.997577
0.999275
0.999458
1.00209
1.00116
0.996843
0.998047
0.996826
0.998358
0.997209
0.997181
0.99754
1.0014
1.00395
1.0003
1.00108
0.991674
1.00171
1.00073
0.997193
0.995299
1.00437
1.0006
1.0016
0.999094
1.00031
0.996314
0.994482
0.999094
1.0013
1.00154
0.998395
0.996787
0.99935
0.998709
0.994643
0.998327
0.99788
0.996687
1.00075
0.999576
1.00394
1.00248
0.997281
1.00025
0.998902
0.998062
1.00105
1.00044
1.00101
1.0012
1.00024
0.998297
0.999483
1.00279
1.00005
0.998927
0.997477
0.998888
0.997212
0.998412
0.999325
0.999395
1.00276
0.999072
1.00871
0.997441
1.00008
0.996994
1.00322
0.99943
0.999069
1.00228
1.00041
0.998779
1.00157
0.996649
0.995479
1.00385
0.997248
0.998367
0.996804
1.00002
1.00061
0.994942
0.997402
0.998357
0.999498
1.00165
0.999827
0.996075
1.00282
0.993782
0.995805
1.00293
1.00052
1.00046
0.992079
0.997406
1.00065
1.00013
1.00183
1.00285
0.996202
1.00357
1.00347
0.994277
0.998253
0.999333
1.00111
1.00098
1.00142
1.00019
0.997822
1.00313
0.999773
1.00246
1.00278
0.999645
1.00035
1.00517
1.00249
1.00615
1.00055
0.997838
1.00326
0.99893
1.00042
0.999414
1.00247
0.999976
1.00024
1.00134
1.00014
0.999773
0.999061
0.998083
0.999661
0.999695
1.00315
0.999961
0.998437
1.00017
0.998881
0.999243
0.998615
0.994015
0.999005
0.998874
0.998478
0.998135
1.00068
0.997993
0.991194
1.00259
0.998336
0.999929
1.0006
0.998216
1.00259
1.00104
0.998402
1.00045
0.998499
1.00011
0.998902
0.998584
1.00015
1.00376
1.00423
0.999283
1.00094
1.00123
1.00649
1.00186
1.00096
1.00284
1.00116
0.998722
1.00273
0.996991
0.999255
1.00113
1.00151
1.00366
1.00169
0.996918
0.99667
1.00259
1.00014
0.999237
0.999158
1.00089
0.997138
1.00178
0.997571
0.998964
0.996068
0.997305
0.994637
1.00272
0.999845
0.996123
1.00216
1.00179
1.00385
1.00142
1.00621
0.997033
0.997938
1.00129
0.999139
0.999718
1.00644
0.995625
1.00197
1.00102
0.999072
1.00252
0.996172
0.998567
1.0021
1.00241
1.00065
1.0001
1.00134
1.00178
0.999863
1.00351
1.00048
1.00147
0.998815
1.00014
1.00077
0.997297
1.00186
1.00577
0.998914
1.00287
1.0015
0.999299
0.996682
0.996194
0.999375
0.996478
1.00064
1.0015
1.00104
1.00535
0.998795
0.999251
0.999215
0.999146
1.0007
1.00458
1.00337
0.999553
1.00071
1.0015
0.998585
1.00074
0.997256
0.999673
1.0008
0.993783
1.00171
1.00238
0.996963
1
0.996785
1.00188
0.999009
1.00154
1.00279
1.00137
1.0036
0.995101
1.00032
1.00068
0.998207
0.997562
0.998257
1.00294
1.00186
1.00039
1.00308
0.992799
1.00281
0.999405
1.00116
1.00073
0.996955
1.00185
0.997449
1.00225
0.997447
0.9963
0.999796
1.00122
0.998608
0.996651
1.00285
0.999034
1.00236
1.00128
1.00126
0.998896
1.00221
0.994061
1.00592
0.997687
0.999781
1.00343
0.995198
0.998527
0.998341
1.00132
0.999619
0.99975
1.0002
0.999874
1.00395
0.999686
0.997988
1.0002
1.00322
0.997196
0.996846
0.99921
1.00055
1.00099
1.00487
1.00002
1.00006
1.00016
1.0019
0.999939
1.0009
1.00032
0.999638
1.00274
0.999111
1.0004
1.00498
1.00194
0.996219
0.999556
1.00165
1.00141
0.997529
0.998325
0.995911
1.00001
0.996938
0.999472
1.00009
1.00013
0.997028
1.00137
1.00184
1.00267
0.998606
0.999114
0.996205
1.00103
1.0013
0.995345
0.998627
0.998931
1.00389
1.00045
1.00288
0.999506
1.00044
1.00153
0.998172
0.996875
1.00001
0.998953
1.00354
1.00111
0.998221
0.995366
0.995397
1.00175
1.00017
1.00113
0.995513
1.00019
0.997322
1.00261
1.0031
0.995975
1.00073
1.00556
1.00333
0.998549
1.00007
0.999689
0.99846
1.00479
0.99682
0.998195
1.0024
0.998814
0.998285
0.998752
0.997409
1.00479
1.00068
1.00108
0.996711
1.00211
0.996081
1.00322
0.999369
1.00233
0.993411
1.00133
0.999927
1.00113
1.00079
1.00077
0.996887
0.996136
0.996489
0.998854
0.99989
1.00264
1.00503
1.0023
0.99907
1.00095
0.99986
0.999158
0.998778
1.00042
0.998542
1.00101
1.00064
1.00146
1.00009
0.999184
1.00541
0.999934
0.999513
0.999938
0.996995
1.00426
1.00275
1.00045
1.0003
0.998878
1.00028
1.00012
1.00083
0.999479
1.00019
1.00088
1.00183
1.0034
0.999271
1.00144
0.999269
0.999654
1.00556
0.996141
1.00482
1.00231
1.00061
0.997546
0.996294
1.00128
1.00184
0.996578
1.00283
0.998538
1.00228
0.998491
1.00454
0.998186
0.997259
0.998982
0.999832
0.999386
1.00032
0.998849
1.00309
1.0026
0.997892
1.00252
0.997356
0.99991
1.00014
0.996987
1.00094
0.997246
1.00039
1.001
1.00495
0.991757
1.00257
1.00036
1.00101
1.00207
0.999503
0.999207
0.999739
0.997653
1.00648
1.00185
1.00286
1.00177
0.998148
1.00089
1.00302
1.00201
1.0001
0.997521
1.00081
1.00178
1.00129
1.00372
0.999507
0.995595
0.999249
1.00068
0.998122
1.00158
0.999852
0.998657
1.0004
0.999802
0.999378
0.998226
0.999537
1.00094
1.00105
0.999225
1.00234
0.99797
1.00116
0.996749
1.00266
0.999528
1.00146
0.998115
1.00234
1.00169
1.00128
0.998528
1.00054
0.998537
0.999488
0.999779
0.999303
0.995123
0.997476
0.999427
1.00058
1.00173
1.00249
0.999282
0.998232
1.00433
1.00391
1.00101
1.00066
1.00375
1.0013
0.99928
0.998207
0.998948
0.997556
0.99984
0.999472
0.996721
0.999324
1.00435
0.997463
1.00188
1.00192
0.99951
1.00151
0.998161
0.999075
0.995877
1.0007
0.997466
0.999166
1.00176
0.997108
0.995644
1.0015
1.00229
0.994093
0.999003
0.99715
0.997686
1.00205
0.997262
1.00031
1.00125
1.00088
0.99875
1.00285
0.996588
0.999849
0.999963
0.995831
1.00466
1.00211
0.998561
1.00391
1.00225
0.999988
1.00308
0.998837
0.997955
0.996911
0.998
1.00072
1.00163
0.997956
1.00287
0.997281
0.999063
0.993937
1.00143
0.999853
0.999056
0.999934
1.00011
1.00694
0.998128
1.00268
0.997071
0.998958
0.997267
0.996174
1.00343
0.996638
1.00003
1.0034
0.998378
1.00194
1.00299
0.999534
1.00394
1.00287
0.997444
0.99727
1.00122
0.999586
1.001
1.00144
0.998616
1.00012
0.996235
0.995808
0.996627
0.998197
0.999899
0.996001
1.00166
0.999663
0.998543
1.00225
1.0018
1.00111
0.995102
1.00603
0.997509
0.999836
1.00217
0.99952
1.00548
0.994863
0.99719
1.00806
1.00105
1.00134
0.997951
1.00958
1.00719
1.00187
1.00463
0.998586
1.00641
0.998537
1.00329
1.00192
1.00013
0.99905
0.99681
0.996989
1.00367
1.00394
0.998327
1.00081
0.997639
0.995599
0.99966
0.999462
1.00103
1.00135
0.999531
1.00354
1.00014
1.00232
0.999408
1.00068
0.998691
0.995618
1.00007
0.999974
1.00246
1.00104
0.999959
1.00397
1.00295
0.999619
1.00179
0.994117
0.997757
0.998416
0.999495
1.00507
0.999829
1.00021
0.998538
0.998193
0.998723
0.998572
1.00084
0.994675
0.999724
0.996501
1.003
1.00088
0.999564
1.00286
1.00049
0.996066
1.00187
0.999185
1.00133
1.00298
1.00284
0.999306
1.00324
0.996469
0.997668
1.00119
1.00271
1.00016
0.997821
1.00249
0.994565
1.00413
0.998827
1.00037
1.00061
1.00292
1.00155
0.998181
0.99946
0.998514
1.00111
0.997624
0.998774
1.0005
0.997245
1.00014
1.00056
1.00448
0.997739
0.996572
0.994123
1.00138
0.996442
1.00029
1.00246
1.00142
0.999997
0.997246
0.998906
0.996786
0.998786
1.00004
0.996767
0.996447
1.00236
1.00174
0.994823
0.999817
1.00199
1.00459
1.00151
0.998652
1.0021
1.00221
0.997986
0.997758
1.00566
0.996927
0.997083
0.995192
0.999785
1.00027
1.00083
0.997337
1.00015
1.00307
1.00404
1.00417
1.00099
1.00251
0.998473
0.998898
0.999012
0.99928
0.999729
0.996706
1.0014
1.00168
1.00118
0.998815
1.00267
1.00375
1.00073
1.00302
1.00425
1.00045
0.996439
1.00024
0.997957
1.00309
0.996133
1.00114
0.999842
0.997606
1.00377
0.999353
1.00208
1.00034
0.998908
1.00427
1.00237
1.00081
0.998122
1.00085
1.0007
1.00082
1.00065
0.998046
0.998377
0.997623
1.0033
0.996651
1.00521
1.00179
0.998635
0.999962
1.00023
0.998109
1.00422
0.99855
1.00496
1.00405
1.0039
1.00379
0.996901
1.00579
0.999691
1.00008
1.00126
1.00341
1.001
0.996712
1.00465
0.998166
1.00331
0.998945
0.99942
1.00272
0.994153
1.0014
1.00175
0.995567
1.00354
1.00063
1.00006
1.00516
1.00005
1.00256
1.00083
1.00238
0.999399
1.00031
0.997132
1.0035
1.00263
0.998165
0.997836
0.995396
1.00054
1.00031
0.994553
1.00054
0.999589
0.99843
1.00112
0.998025
0.997759
1.00121
1.00063
0.999265
1.00078
1.00276
1.00289
0.998735
0.998743
1.00466
0.999584
0.993372
1.00315
0.997893
0.999178
1.00074
1.00195
0.996814
1.0007
0.998206
0.998349
1.00215
0.998964
1.00134
1.00053
0.999502
1.00362
0.99499
0.999577
0.996835
0.999911
0.999497
0.997977
1.00204
0.997593
1.0023
0.998976
1.00204
0.996863
0.999314
1.00331
0.999195
1.00096
1.0054
1.00302
1.0003
0.99831
0.996821
1.00085
1.00196
1.00196
0.99918
0.99878
1.00326
0.997527
1.00035
0.998044
0.999729
1.00343
1.00122
0.999769
0.998427
0.996447
0.999815
1.00449
0.999747
0.998239
0.999794
0.996936
1.00032
1.00275
1.00078
0.995597
0.999991
0.99625
0.997943
0.997577
1.00152
0.999323
1.00003
0.99755
0.998867
0.998599
1.00285
0.999314
1.00039
0.997564
1.00185
1.00113
1.00074
0.995487
0.997846
0.996209
0.999246
0.998704
0.999006
1.00729
0.99899
0.997946
1.00121
1.00122
1.00067
0.998445
0.998314
1.00148
0.998338
1.00407
1.0012
0.998404
0.997405
0.998118
0.9997
1.00091
0.999547
1.00248
0.995506
0.996899
1.00189
0.999327
0.998975
0.997
0.99829
0.998443
1.00006
0.998688
1.00182
0.997856
0.99605
0.99621
0.99698
1.00129
1.001
0.997366
1.0008
1.0005
1.00228
1.0018
1.00225
1.00065
1.00214
1.0037
1.00388
1.00022
1.00003
1.00666
1.00793
0.999352
1.00222
0.999488
0.998282
0.997318
0.997398
0.999678
1.00173
1.00238
1.00195
1.00448
0.9999
0.996928
0.997301
1.00116
0.998864
0.997713
0.99924
1.00127
0.999124
1.00159
1.00344
0.994366
1.0004
1.00323
1.00267
1.00248
1.00249
1.00226
0.997108
0.997787
1.00125
1.00049
0.996856
0.998544
0.999451
1.00296
0.997496
1.00569
0.999348
1.00024
1.00074
0.999612
0.995741
0.999218
0.999996
1.00421
1.00173
0.998247
0.996472
1.00121
0.999356
0.999705
1.00164
0.999081
0.998681
0.999507
0.997321
1.00151
0.999663
1.00063
0.998625
0.997526
0.997351
0.998698
1.00158
0.998503
1.0027
0.996051
0.998027
0.999795
0.997424
1.00583
0.998499
0.998864
0.998825
1.00019
1.00185
0.997893
0.998135
0.996013
1.00073
0.998407
1.00248
0.998871
0.998179
1.003
0.996284
0.999489
0.997828
1.00205
0.99997
1.00513
0.998962
0.99736
0.999669
0.995771
1.00265
1.00025
1.00324
0.999159
0.998248
0.999687
1.00293
0.997729
1.0036
1.00117
1.0007
0.995367
1.00088
0.998984
0.99591
1.00078
0.997402
1.0033
1.00111
0.995677
0.995052
1.00366
1.00338
0.998933
0.998617
0.999339
0.998637
1.00345
1.00019
1.00216
0.999826
1.00469
0.993868
1.00358
0.996998
0.998185
0.999861
1.00016
1.00409
1.00317
1.00022
1.00459
0.998677
0.995398
0.99439
0.99928
0.996458
0.999177
1.00032
1.00227
1.00007
0.995565
0.999451
0.996002
1.00009
1.00517
1.00037
0.995193
0.9983
1.00472
0.997818
0.998758
1.00462
0.998094
1.00628
1.00127
1.00097
0.998959
1.00192
0.99971
1.00403
1.00149
0.997695
1.00313
1.00585
0.996855
1.00653
1.00145
1.00159
0.999748
0.99892
1.00129
1.00165
0.997379
0.997603
0.998736
1.00198
1.00327
1.00114
1.00193
0.99914
1.00053
0.999018
1.00087
0.996549
0.996506
1.00145
1.00125
1.00401
1.0025
1.00387
0.999253
0.998551
1.00001
1.00029
0.999547
1.00113
0.998862
0.995416
1.00047
0.996316
0.999469
0.996354
1.00197
1.00224
1.00105
1.00139
1.00195
1.00165
0.99809
1.00192
1.00272
1.00301
1.00359
1.00189
1.0046
1.00008
1.0021
1.00405
0.997323
0.998225
1.00549
1.00324
0.999612
1.00012
0.99901
1.00261
1.00583
0.999944
0.997584
1.00207
1.00084
0.998164
0.999033
1.00128
0.999767
0.996071
1.00162
1.00503
0.998124
0.995478
0.997105
1.00361
0.997304
1.00283
1.00055
1.00056
1.00332
0.99935
1.00035
1.0023
0.998948
0.997824
0.999206
0.999122
1.00351
1.00291
0.999835
0.999393
1.00081
0.995739
1.00119
1.00255
1.0002
1.00167
1.00174
0.999219
1.00171
1.0001
1.00109
1.00225
0.998627
0.995386
0.998062
1.0018
1.00028
1.0006
0.999926
1.00265
0.998307
1.00102
1.00072
0.996255
0.997958
1.00298
0.993383
1.00175
0.99917
1.00146
1.00302
0.9986
1.0008
1.0023
1.00159
1.00061
1.00457
1.0027
0.998133
0.996209
1.00252
1.00098
0.99957
1.00565
0.999874
1.00042
1.00032
0.996807
1.00137
1.00116
0.999666
1.00162
1.00341
0.998855
0.999027
1.00342
1.00077
1.00296
0.998768
1.00429
0.994455
1.00254
1.00296
1.00068
0.999476
0.997621
1.00169
0.99789
0.998649
1.00314
1.00141
0.996514
1.00104
0.998281
1.00112
0.998089
1.0011
1.00226
0.998726
0.99982
1.00087
0.999327
1.00134
1.00068
0.998307
0.996789
0.996572
0.999606
0.99944
0.996297
1.00216
0.997845
1.00056
1.00241
0.995288
1.00296
0.99983
1.00233
0.997529
0.995997
1.00247
1.00081
1.00197
0.998803
0.999972
0.999886
1.00016
0.999538
0.999096
1.00195
1.00274
0.998512
1.00136
1.00478
1.00188
0.998677
0.998023
1.00033
0.999369
1.00359
0.996319
0.998279
0.997775
1.00439
0.998889
1.0031
0.995317
0.997746
1.00156
1.00144
0.995014
0.997505
0.996534
0.993583
0.997568
1.00042
0.995845
0.999991
0.994224
0.996399
1.0044
0.999176
1.00199
1.00236
1.00237
0.999986
0.998074
1.00307
1.00279
0.995958
1.0037
0.998493
1.00298
1.00181
0.999702
0.996086
1.00093
0.999405
0.998182
1.00093
0.998546
0.999612
1.0007
1.00581
0.999448
1.00055
1.00129
1.00188
1.00047
1.00652
0.997231
0.996558
1.00161
0.997801
1.00076
0.996174
0.996246
1.00205
1.00039
0.999509
0.996142
1.00481
1.00269
1.00088
1.00181
1.00062
1.00073
1.00137
0.997201
0.996367
1.00161
0.998506
0.99623
0.999803
0.998711
0.99781
0.999669
1.00112
0.995412
0.999786
1.00029
1.00047
0.998789
1.00041
0.999527
1.00263
1.0011
1.00183
1.00155
1.00421
1.00219
1.00054
0.998576
0.99656
1.00317
1.00126
0.995552
0.997955
0.998565
1.00052
0.996291
0.998181
0.996575
0.999273
1.00054
0.999848
0.99798
0.997434
1.0016
0.99688
1.00167
1.00294
0.997021
0.997794
0.999007
0.996918
0.998643
0.998619
1.00139
1.00374
0.998671
0.997413
0.997343
0.99716
0.996953
0.996914
0.996694
1.00336
0.996801
0.996324
1.00261
1.00083
0.998056
1.00053
0.994667
0.995063
1.00019
1.0007
1.00157
1.00208
1.00027
0.9938
0.996878
1.00274
0.998192
1.00664
0.999168
1.00291
0.999472
0.995209
0.99811
0.997082
1.00125
0.998296
0.998506
1.00155
0.998904
1.0052
0.995315
1.0049
1.0024
1.00201
0.999739
1.00218
1.00086
0.994399
1.00112
0.999668
1.00035
0.999676
1.00057
0.996394
0.998833
0.999943
1.00186
1.00269
0.999417
0.999554
1.00187
0.997448
1.00153
0.998994
1.00573
0.996384
1.00497
0.997245
1.00318
0.998303
1.00156
0.997241
0.999122
0.999027
1.00263
0.999519
0.998321
1.0019
1.00252
1.00071
1.00108
0.999903
0.998067
0.995383
0.999788
1.00047
1.00367
1.00352
1.00106
0.998859
0.997337
0.998392
0.997593
1.0005
0.997801
1.00057
1.00352
0.998603
1.00221
0.997861
1.00344
1.0004
0.999586
1.00052
1.00115
1.00204
1.00014
0.997914
1.00102
0.996856
0.994386
1.00326
1.00235
1.00265
0.998021
0.996458
1.00386
0.997211
0.993623
1.00584
0.998926
1.00011
0.99745
0.999211
1.00421
0.996276
0.996615
1.00353
0.999913
1.00076
1.00016
1.00047
0.998703
1.00598
0.99669
0.999746
0.99825
1.00262
0.998647
1.00006
1.00037
1.00287
0.999846
0.998561
1.0016
0.999573
1.00363
1.00202
1.00696
1.0006
0.99781
1.00113
0.997154
1.00403
0.999433
1.00519
0.999986
0.99692
0.996366
1.00183
1.00153
1.00311
1.00068
0.996658
0.997867
1.00343
0.99954
1.00119
1.0007
1.00052
1.00174
1.00221
1.00031
0.994152
1.00004
1.00063
0.999466
0.998817
0.999955
1.00183
0.995786
0.999103
1.00151
1.00235
1.00035
0.995908
0.99796
0.997536
0.999235
1.00322
0.998623
0.997242
0.997318
0.998568
1.00121
1.00067
1.00081
1.00055
1.0007
0.998962
0.998526
0.999212
1.00185
0.99995
1.00219
0.997047
0.998799
0.999828
0.996569
0.998738
0.997995
1.00169
1.00076
0.999331
0.998468
1.00138
0.999983
0.998198
0.999918
0.999166
1.00477
0.996123
1.00096
1.00014
1.00337
1.0034
0.994045
1.00184
0.999592
0.993876
0.99963
0.999788
0.99839
1.00009
1.0011
0.998714
0.99833
1.00008
0.999081
1.00101
0.999567
0.997409
0.9957
0.999421
0.995509
0.999257
0.998815
1.00063
0.999099
1.00425
0.998875
0.999204
1.002
0.998027
1.00091
0.995252
1.00099
1.00071
1.00138
0.998285
1.0018
1.00133
1.00114
0.995177
0.998809
0.999829
0.996239
1.00545
0.997363
0.998455
1.0026
0.994987
1.00178
0.99733
1.00028
0.994135
0.998142
0.997934
1.00291
0.998347
1.00158
0.999998
1.00104
0.999103
1.00249
1.00051
1.00057
0.997487
0.99879
0.999482
0.998429
0.999635
0.998057
1.00322
0.998134
0.997574
1.00155
1.00231
0.999821
0.998607
1.00027
0.99949
1.00293
0.997471
0.998258
0.999831
1.00087
0.999813
1.00695
0.997672
0.999632
0.99975
1.00012
0.999904
0.997765
1.00039
0.998738
1.00176
1.00234
1.0011
0.999243
0.998435
0.995251
0.999899
1.00226
1.00008
0.998686
0.997893
0.999174
0.998679
1.00128
0.996587
1.00093
0.998356
1.00041
1.00454
1.0036
1.00277
0.997492
0.994706
0.999072
0.999021
0.997636
0.995572
0.997035
0.998845
0.997805
0.99835
1.00238
1.00197
0.998282
0.999737
1.00126
1.00134
0.998926
0.999226
0.999525
1.00058
1.00078
1.00257
1.00028
0.998666
1.00036
0.999529
1.00107
0.998939
1.00359
1.00359
1.00285
1.00017
1.00087
1.00101
1.00377
1.00329
0.997584
1.00129
1.00066
0.994953
1.00351
0.997799
1.00342
1.00079
1.00476
0.999266
1.00361
0.999607
1.00124
1.00185
0.999214
0.998258
1.00035
0.9971
0.994121
1.00342
0.996019
1.0003
1.00224
1.00454
1.00382
1.00281
1.00177
1.0036
0.995672
1.00322
0.998906
0.998754
1.00322
0.99925
1.00115
0.999421
1.00333
0.996959
1.00185
0.997413
1.00428
0.999035
0.992153
1.00432
0.995751
1.00312
1.00262
0.997164
1.00242
0.998316
1.00055
0.999023
1.00095
0.998299
1.00417
0.994689
1.00025
0.999775
1.00214
0.99612
1.00332
0.999487
0.999122
0.999235
0.998837
0.999515
1.00252
1.00149
0.99983
0.998969
0.998718
0.998926
0.999154
1.00201
1.0032
0.998437
1.00418
0.995891
0.99859
0.999133
0.997142
1.00585
0.999461
0.997468
1.00274
1.00118
1.00051
0.994007
0.996606
1.00023
1.00045
1.00155
0.999178
1.00296
1.0009
1.00228
1.00233
0.997961
0.998864
1.00181
0.995719
0.999701
1.0017
0.997765
1.00342
1.00155
1.00251
0.999411
0.999004
1.00294
1.00109
0.995771
0.997186
1.0003
1.00421
1.00186
1.00036
0.999439
1.00053
1.00262
1.00384
1.00086
0.999792
0.997163
0.996768
0.998317
1.00139
1.00193
1.00185
0.998947
1.00123
1.00046
0.998354
1.00184
1.00193
0.999197
1.00144
0.996588
1.00123
1.00236
0.99965
1.00064
0.9969
1.00248
1.00119
1.00027
0.99885
1.00333
0.996738
1.00284
0.99556
1.00221
0.995388
0.999995
0.996771
1.00342
1.0033
1.00059
1.00276
0.999155
0.999756
0.999909
1.0047
0.993846
1.00051
1.001
1.00018
0.998447
0.999239
0.998452
1.00152
0.999925
1.00321
0.998757
1.0019
0.999739
0.999176
0.997095
1.00238
0.991617
1.00335
1.00197
1.00039
1.00149
0.999111
0.998162
1.0034
0.996926
1.0005
1.00304
0.998887
1.00068
1.00264
1.00085
0.999374
1.00543
1.00124
0.995958
1.00085
1.00104
0.997581
0.996515
1.00057
0.996246
0.996338
0.999692
1.00129
0.99999
0.996253
1.00068
1.00316
1.00106
1.00047
0.99786
0.997088
1.00177
1.00148
0.99826
0.994887
1.00112
0.999467
0.996636
1.00046
1.00383
1.00282
0.9974
1.00368
0.999755
0.996523
1.00011
1.00063
0.996054
0.999345
1.00133
0.999349
0.995931
0.997324
1.006
1.00229
0.998831
0.99933
1.00005
1.00188
0.99744
1.00287
1.00465
1.00058
1.00249
0.998443
1.00355
0.995359
0.998104
0.99962
1.00053
0.997563
0.99816
1.00247
0.999763
0.997876
0.99904
1.00104
1.00213
0.990829
1.00352
0.994853
1.00212
1.00111
0.997854
1.00237
1.00111
0.998746
0.999123
0.996363
0.99876
0.995284
0.997668
1.005
0.998265
0.999048
1.00336
0.996249
1.00395
0.999893
1.0018
0.993746
1.00151
1.00107
0.996491
1.0025
0.998666
0.999617
0.994973
0.998015
0.999588
1.00213
1.00239
1.00078
0.999292
0.997334
1.00147
0.995373
1.00026
1.00358
1.00233
0.999597
0.997744
0.998149
0.996706
1.00274
1.0043
1.00143
0.99823
1.00304
0.998973
1.00062
1.00159
0.99978
0.999925
1.00208
0.998096
1.00103
1.00309
1.00203
0.994378
0.998126
1.00082
0.99988
1.00101
0.998033
1.00286
0.99761
0.999136
1.00215
0.995875
1.00324
1.00274
1.00462
1.00273
1.00149
1.00077
0.998149
0.996536
0.998684
0.999181
0.994543
0.999891
1.00028
1.00219
0.998908
1.00205
1.00283
0.999454
1.00246
0.998964
1.0006
1.00139
0.999523
1.00339
1.00102
0.999785
1.0022
0.998852
1.00079
0.999261
0.999526
0.998237
0.999571
0.995068
1.00299
0.997291
1.00153
1.00129
0.998471
1.00003
0.99678
0.999792
0.996427
0.998144
1.00291
1.00287
1.00025
1.00168
0.996533
0.999523
1.00228
0.999038
1.00035
1.00153
1.00128
1.00253
0.999875
1.0029
1.00211
0.999095
1.00372
0.999802
0.996435
0.997396
1.00158
1.00419
0.998593
0.999576
1.00293
1.00457
1.00428
1.00059
1.00351
0.999537
0.998783
1.0026
1.0034
1.00423
1.00177
1.00458
0.996176
1.00344
0.998517
1.00105
0.999562
1.00128
0.998068
0.998052
0.994036
1.00146
0.995064
0.997941
1.00177
0.999954
1.00114
0.999267
0.99963
1.00082
0.999234
1.00363
0.995982
1.00024
1.00437
0.997123
0.999796
1.00136
0.998804
0.999494
1.00195
0.999933
0.998615
1.00361
1.0028
1.00309
1.0016
0.999774
1.00498
0.99852
0.999709
1.00107
0.997377
0.997851
0.998382
1.00475
0.994523
0.997717
1.00063
0.999838
0.991317
0.9967
0.999826
1.00037
0.997156
0.996797
1.0027
1.00503
0.998429
1.00292
1.00173
0.9992
1.00072
1.00176
1.00164
1.00655
0.998249
1.00709
1.00189
1.00404
0.998913
0.998437
1.00173
1.00153
1.00226
0.995749
1.00077
0.997464
0.998272
0.994478
0.997432
1.0003
1.00275
0.997772
0.998524
1.00091
1.00096
0.997267
0.99965
0.998239
0.996855
1.00096
1.00141
1.0023
1.00006
1.00421
1.00113
1.00278
0.999509
0.997806
1.00357
0.998464
1.00187
1.00242
0.998657
1.0007
1.001
0.997596
1.00339
0.997653
0.998943
0.996991
0.998781
1.00421
1.00195
1.00043
1.00193
0.992837
1.00061
0.999927
0.998605
1.00245
1.00143
1.00163
1.00033
0.997411
1.00211
1.00523
0.996543
1.00164
1.00036
0.998488
1.00118
0.998466
0.999709
1.00122
0.997543
1.00159
1.00093
1.00527
1.00064
1.00002
0.996586
0.999335
0.997492
0.996068
1.00032
1.00009
1.00293
1.0012
0.998522
1.00001
1.00271
1.00106
1.00315
1.00066
1.00389
0.999409
1.00024
1.00336
1.00195
0.999557
0.999952
0.998433
1.00125
1.0027
1.00054
1.00102
1.00114
0.99909
0.9969
0.996809
0.999285
0.999187
1.00014
0.995862
0.994634
1.00271
0.999099
1.00102
0.998704
1.00439
1.00411
1.00558
1.00166
0.999758
0.998998
0.999223
0.99472
1.00142
1.00449
1.00049
1.0041
1.0033
0.998632
0.999694
1.00215
1.00013
1.00075
0.999254
1.0032
1.00109
1.00179
1.00222
0.996642
0.999675
1.00505
0.999668
0.995864
0.999779
1.00005
0.997004
1.00168
0.99815
1.00168
0.999862
0.999957
1.00013
0.999167
0.999993
0.995891
1.0009
0.998656
0.997185
0.997598
0.993512
1.00031
1.00087
0.999409
1.00251
0.99963
0.999165
0.998956
1.00002
1.00016
0.999068
0.996529
0.998952
1.00261
0.996904
0.998905
0.999517
0.997941
1.00128
1.00192
1.00084
0.998562
0.998438
0.999905
1.00187
0.997716
1.00278
0.991961
0.998202
1.00338
0.998123
0.999426
1.00299
0.996186
1.00554
0.999847
0.999894
0.998842
0.995124
1.00163
1.00071
0.998606
0.996995
1.00119
0.996433
0.999971
0.999021
0.99694
0.997061
0.998922
0.998489
0.994854
1.00037
1.00144
1.00135
0.99617
1.00116
0.998775
1.00208
1.0024
1.00049
0.996304
1.00008
0.999727
1.0006
0.999996
0.99597
1.00306
1.00175
0.999908
1.00054
0.999453
0.996516
1.00359
1.00523
0.999993
0.998465
0.999146
1.00013
0.998263
1.00124
0.998999
0.999936
1.00294
1.00076
0.998836
0.999863
0.999393
1.00052
1.0027
0.99802
1.00102
1.00224
0.998348
0.998581
1.00254
0.99758
1.00048
0.998543
0.996624
1.00555
0.996528
0.999162
0.998482
0.998891
1.00128
1.00436
1.00486
0.998861
0.995593
1.00357
0.999052
0.997274
0.999254
1.00001
1.00043
1.00583
1.00194
1.00066
1.00308
0.998769
1.00113
0.997094
0.994633
0.998212
1.00194
0.999577
0.99639
0.999172
0.99834
0.993584
1.00009
1.0045
0.997323
1.00275
0.996824
0.998052
0.999144
0.997705
0.998855
1.00192
0.999829
0.999919
0.999736
0.999185
1.00235
0.999189
1.00067
0.997126
0.996256
0.998975
0.997024
0.998359
0.999014
0.997561
0.998752
0.998905
0.999482
0.997464
0.995158
0.999502
1.00691
0.999928
0.996071
0.999983
0.998897
1.00166
1.00223
1.00572
1.00315
1.00062
1.00037
1.00147
0.999536
0.997523
1.00285
1.0026
1.00081
1.00279
0.997858
0.999666
0.996271
1.00148
0.997405
1.00077
1.0007
1.00314
1.00095
1.00179
1.00118
0.997997
1.00434
0.996429
0.999836
0.999824
1.00102
1.00032
0.999666
1.00125
1.00049
0.999083
1.0019
0.99862
0.996867
1.00303
0.9962
0.9999
0.998616
1.00289
1.00258
1.0004
0.994746
0.998488
0.999732
0.998914
1.00241
0.997738
0.99995
0.998417
1.00089
1.00364
0.997861
1.00086
1.0022
1.00141
1.00505
1.0041
1.00401
1.00065
1.00095
0.998495
1.00308
1.00657
0.997454
0.999537
0.998031
0.999252
0.999999
1.00051
1.00092
0.998244
0.999456
1.00402
1.00024
0.997746
1.00373
1.00032
0.996229
1.004
0.998061
1.00094
0.999846
1.00173
0.998247
0.99886
1.00337
0.999853
1.0015
1.00083
1.00088
1.0012
1.00299
1.00334
0.99839
1.00328
0.998915
1.0027
1.00171
1.00273
1.00211
1.00149
1.00097
0.999585
0.999398
0.999695
0.993779
0.998894
1.00256
0.996459
0.999591
0.997565
1.00038
1.00514
0.995549
1.00063
1.00284
1.00211
1.0004
1.00239
0.996264
1.00274
0.99961
0.997863
1.00084
0.999046
1.00018
1.00425
1.00128
1.00136
0.998295
0.994549
1.00009
0.996503
0.999049
0.998997
1.00459
1.00206
0.999129
1.00116
1.00438
1.00264
1.0019
0.996553
1.00077
0.998962
1.00145
0.997217
1.00089
1.00229
1.00126
1.00343
1.00248
0.99795
1.00347
0.995073
1.00643
0.999331
0.999581
1.00029
1.00204
0.997954
0.998806
0.998255
1.00621
1.00304
1.00228
0.997453
0.999694
1.00305
1.0014
1.00204
1.00234
1.00013
0.99819
1.00048
0.997773
1.00037
1.00216
1.00364
1.00395
1.00464
0.99962
1.00067
0.999967
1.00736
0.99991
1.00169
1.00042
0.995484
0.996725
0.996101
0.998717
1.00312
1.00148
0.99937
1.00404
1.00045
1.00356
1.00037
0.99897
0.998948
1.00001
0.996753
0.999768
1.00398
0.996172
0.999417
1.00179
1.00511
1.0022
1.00184
0.996533
1.00266
0.995418
1.00364
1.0016
1.0003
0.999193
0.997656
0.999487
0.998698
0.996761
1.00145
0.999978
0.99987
0.997764
1.00261
0.995776
1.00381
1.00199
0.999351
0.996375
1.00555
1.00082
1.00042
0.999392
1.00098
0.998143
0.999015
0.994506
1.00069
0.996441
0.997515
1.002
0.998183
1.00046
1.00073
0.998895
0.998454
1.00411
0.998494
1.00229
1.00465
1.00415
1.00341
0.998949
0.996384
0.999549
1.0036
1.00057
1.00025
0.99657
1.00247
1.00025
1.00104
1.00082
1.00315
1.00361
0.996873
1.00085
1.00056
1.00458
0.995112
0.998363
0.994697
0.998901
1.00347
0.998105
1.00256
1.00009
0.997768
0.999659
0.996784
0.998467
1.001
0.998833
1.00555
1.00177
1.00223
1.00382
1.00327
1.00281
1.00035
1.00102
1.00125
1.00364
0.9993
1.00363
1.00198
0.998655
0.998648
0.9984
1.00201
1.00036
1.00267
1.00031
1.00156
0.994448
0.998643
0.999145
0.998719
1.00116
0.998233
1.00019
0.998866
0.998897
0.99253
0.999272
1.00011
0.999037
0.999625
0.998964
1.00044
1.00377
0.99805
1.0069
1.00393
0.998567
1.00606
0.999289
0.997245
1.00268
1.00041
0.997711
1.00296
1.00485
0.998298
0.999473
1.00072
0.998813
0.998544
1.0036
0.997623
0.995712
0.998121
1.00084
1.00442
0.997985
1.00314
1.00122
0.998515
1.00172
1.00294
1.00225
1.00252
0.999414
0.998496
0.999707
0.995557
0.998465
1.00732
1.00057
1.00133
1.00176
1.00223
1.00223
1.00128
0.999884
0.99832
0.998765
0.996235
1.00144
0.999689
0.998465
0.998357
1.00116
1.00019
0.997468
1.00073
1.00003
1.00092
1.00041
1.00037
0.996863
1.00029
0.997641
1.00129
1.00451
0.999045
0.99811
1.00437
1.00035
1.00117
0.998793
1.00193
0.997493
1.00352
1.00153
1.00095
0.999036
1.00146
1.00067
1.00179
1.00656
0.999293
1.00424
0.99891
1.00127
1.00047
1.00011
0.998588
1.00386
1.00121
0.999562
0.999483
1.00132
0.999452
1.00068
1.00055
0.99583
1.0016
0.99909
1.0027
0.9988
1.00038
1.00268
0.999697
0.998073
0.995787
1.00007
1.00083
0.998476
1.00031
0.998123
1.00168
1.00155
1.00123
1.00305
0.999857
1.0012
1.0005
1.00088
0.99868
0.998545
0.999699
1.00112
0.998648
1.00356
1.00248
1.00062
0.999879
1.00006
1.00386
1.00215
1.00127
0.998331
1.00232
0.999677
0.997232
0.998142
0.997708
0.997987
1.00028
0.997657
1.00386
1
1.0007
0.997266
0.997953
0.997108
1.00376
1.00025
0.998351
1.00344
1
1.00166
1.00144
1.00128
0.998035
1.00084
1.00098
1.00003
0.996884
1.00186
1.00374
0.995796
0.996766
1.00118
1.00205
0.999785
1.00038
0.999335
1.00347
1.00194
1.00529
1.00235
0.996398
0.994767
1.00005
0.999234
1.00477
0.999755
1.00098
0.999021
1.00134
1.00256
1.00352
0.996868
1.00083
0.999422
1.00019
0.997341
1.00379
0.995677
0.994189
1.00252
1.00473
1.00354
0.999068
1.00202
0.998358
1.00084
0.998714
1.00239
1.00267
1.00126
0.997418
1.00139
0.993921
1.00196
0.999848
1.00211
1.0021
0.994289
0.997793
1.00109
1.00377
1.00031
1.00362
0.998875
1.00379
0.996703
0.998848
0.995256
0.996648
1.00117
0.999406
1.00225
0.997887
0.998341
0.996753
0.99843
0.99776
1.00458
0.997343
1.00146
1.00206
0.998285
0.997852
0.998306
0.997604
0.998322
1.00017
0.996372
0.996534
1.0021
1.00247
0.999872
1.00076
0.999927
0.99647
0.995202
0.997662
0.999642
1.00116
0.997024
1.0024
1.00073
1.00604
1.00075
0.998584
0.995487
1.00123
0.997448
0.999738
1.00338
1.0014
1.00085
1.00179
0.997316
1.00601
1.00007
1.0026
0.996554
1.0037
0.999228
0.999071
1.00371
1.00334
1.00193
1.00061
0.997473
1.00104
1.00275
1.00336
1.00145
0.998525
1.00492
0.998152
1.002
1.00294
0.998059
1.00081
0.997937
0.993032
0.99969
0.999693
0.99705
0.997452
0.995991
0.9977
1.0008
0.996666
1.00044
1.00145
0.998667
0.998886
0.996534
1.00384
0.999097
0.997477
0.99568
1.00261
1.00449
1.00049
0.997622
1.00162
0.999425
0.998783
0.998914
1.00369
0.996181
0.999218
0.994557
0.999302
0.998905
1.00196
0.996833
0.997147
0.995657
0.999731
0.99847
1.0047
0.999793
0.99979
0.998962
0.99911
0.998176
1.00206
1.00365
1.00309
1.00006
0.996978
1.00134
1.0006
1.00003
0.999392
1.00249
1.00061
0.997793
0.998025
0.999466
1.00085
0.999955
1.00456
1.00069
1.00094
0.999772
1.00069
0.998833
0.996158
1.00016
1.00414
0.999991
1.00208
1.00273
0.998312
1.0014
1.00017
0.997849
1.00042
1.00265
0.999452
0.996745
0.99882
1.00127
1.00012
1.00038
0.997554
0.998487
0.998725
1.00268
0.999049
0.999474
1.00229
1.00127
0.99531
0.997678
0.998019
1.00294
1.00357
0.999787
0.999707
0.997999
1.0038
0.997988
0.995291
0.999475
0.997551
0.996578
1.0027
0.998887
1.00348
1.00168
1.00187
0.997728
0.999878
0.999376
0.99674
0.999786
1.00106
0.997747
1.00062
1.00466
1.00258
0.995523
1.00102
0.995218
1.00164
0.999824
0.997307
0.995227
0.997419
1.00064
0.998497
1.00023
1.0013
0.995617
1.00395
1.00107
1.00092
1.00127
0.999097
1.00265
1.00222
1.00435
1.00086
1.00208
0.998877
0.996791
1.00136
0.996891
1.0011
1.00264
1.00366
0.994458
1.005
1.00149
1.00002
0.999024
1.00381
0.997155
0.998584
0.999542
1.00466
1.00104
0.995805
0.999038
1.00405
1.0004
0.99944
1.00136
0.998262
1.00232
1.00028
1.00078
0.999803
0.997231
0.99436
0.999558
0.999489
0.998002
0.997061
1.00418
1.00162
0.998455
1.00112
1.00344
1.00205
1.00373
0.996324
0.998401
0.999178
0.99649
0.998728
0.9996
0.999656
1.00255
1.00229
0.997531
1.00177
0.995661
0.998219
1.00301
0.998163
1.00166
1.00123
0.99884
1.00145
1.00139
1.00257
0.999665
0.99803
0.999834
0.996515
1.00188
1.00296
1.00153
1.00299
0.996452
0.995726
1.00011
0.998333
0.999292
0.994959
1.00274
1.00107
0.997865
0.999614
1.00449
0.999847
0.999346
0.99925
1.00111
0.997267
0.998258
0.996503
0.995886
1.0001
1.00013
1.00253
0.99809
1.00451
0.998931
0.999502
1.00015
0.999335
0.999246
1.00086
1.00337
0.996815
0.996891
1.0027
1.0004
0.999679
1.00058
0.997192
0.998057
1.00203
0.998424
0.997603
0.996802
1.00111
0.998902
1.00002
0.99935
1.0041
1.00187
1.00294
1.00142
1.0033
1.00279
1.00351
0.998339
1.00209
0.995617
1.00087
0.999614
0.998647
1.00078
0.996344
1.00025
0.997337
1.00211
1.00065
0.99946
0.999356
0.998533
1.00261
1.00095
1.00035
1.00057
1.00026
0.997122
1.00096
1.00147
1.00022
1.00246
1.00133
1.0015
1.00297
1.00314
1.00213
1.0012
0.992818
1.00498
0.994511
0.999028
1.00325
1.00053
0.997853
1.00103
1.00023
1.00082
0.997145
0.9979
1.0012
0.999195
1.00258
1.00443
0.997616
1.00228
0.999595
1.00031
0.998467
1.00051
0.997132
1.00163
0.998815
0.995966
1.00266
0.995663
0.997197
1.00335
1.00025
1.00216
0.998448
1.00163
0.997527
0.999205
1.00057
1.00137
1.00246
0.999994
1.00419
1.00597
1.00422
1.00323
0.99882
0.999183
1.00155
0.994236
1.00193
0.995011
1.00165
0.997466
1.00185
0.995782
1.00109
1.00231
0.999682
0.999499
1.00265
1.0015
0.998697
1.00344
1.0007
1.00002
1.00019
1.00101
0.999681
0.997145
0.999464
0.996637
0.997171
0.998618
1.00027
1.00524
0.997922
1.00366
1.0021
0.99979
0.994377
1.00381
0.999463
0.999974
0.996097
1.00203
0.999777
1.00182
0.996929
1.003
1.00266
1.00178
0.996509
1.00396
0.995544
0.994607
1.00059
1.00114
0.997683
0.999903
0.995858
1.00334
0.9955
0.998872
0.996923
0.995041
1.0005
0.998275
0.996953
0.999553
1.00171
0.999798
0.997447
1.00117
1.00487
1.00027
0.996347
1.00378
0.999625
1.00212
1.00441
0.999576
1.00316
1.00152
0.998283
0.997644
0.999627
1.00009
1.00053
1.00132
0.996132
1.00034
0.998623
1.00221
0.995205
1.00015
1.00424
0.995802
1.00066
1.00214
1.00492
0.999143
0.997926
1.00046
1.00158
1.00425
1.00233
1.00016
1.00152
0.99867
1.00109
1.0007
1.00158
0.99746
1.00195
1.00033
1.00129
1.00013
0.998058
0.998731
1.00317
1.00014
0.998251
1.00218
0.999242
0.998919
1.00262
1.00475
0.996425
1.00232
0.995377
0.9985
1.00236
0.998639
1.00008
1.0006
0.998288
1.00138
1.00195
0.997887
1.0024
0.998992
0.999755
1.00107
0.997596
1.00357
0.998982
0.994081
0.995055
0.996711
1.00182
1.00268
0.998455
0.99749
0.997282
0.999397
0.996007
1.00058
1.00298
0.995182
1.00049
0.998657
1.0005
0.997028
0.999524
1.00409
0.998066
1.00003
0.997313
0.999033
1.00113
1.0029
1.00115
1.00073
1.00214
0.996247
0.99392
0.998994
0.998425
0.995028
1.00175
1.00535
0.997209
1.00202
0.999818
0.997898
1.00265
1.00107
0.999851
0.998882
1.00556
0.999041
1.00002
0.998863
0.999051
0.998261
1.00044
1.00235
0.998511
1.00102
0.996558
0.998064
1.00034
0.999707
1.0047
1.0082
1.00047
0.996449
0.996655
0.998889
0.998561
1.00239
0.999883
0.998732
0.997411
1.00138
1.00437
0.999431
1.00246
0.999379
1.00421
0.996816
0.996466
0.999008
0.996604
0.998907
1.00274
1.00246
1.00131
1.0023
1.00255
0.999339
0.999942
0.999988
1.00327
1.00051
0.998596
0.99812
1.00026
0.999154
0.996648
0.99915
1.00005
1.00013
0.998173
1.00153
0.996221
1.00249
1.00467
0.998367
1.00393
1.00027
0.994117
0.999895
1.00103
0.99505
0.999666
1.00171
1.00232
0.998982
1.00002
0.999098
1.00174
0.997481
1.00232
0.99879
1.00725
1.00172
1.00143
1.0005
1.00206
0.998191
0.997922
0.998471
0.998923
0.997657
0.996025
1.00235
0.997616
0.998321
0.9977
1.00045
1.00151
0.999369
0.999395
0.996807
1.00059
0.999544
0.997618
0.995527
0.998831
0.998533
0.998348
0.998787
0.998093
1.00156
1.00155
0.997389
1
1.00264
0.998852
1.00315
0.998238
0.998098
0.997163
0.995753
1.00032
1.00239
0.996121
0.998442
0.995834
0.995954
0.998054
1.00047
0.999628
0.999868
0.999254
0.996958
1.00373
1.00267
0.997731
1.00222
0.997974
1.00503
0.998677
0.998882
0.998039
1.00087
0.999174
1.00357
0.995302
1.00073
0.998542
1.00216
1.00196
0.996426
0.995983
0.999741
1.00074
1.00177
1.00065
0.999002
0.999874
1.00103
1.00606
0.995309
1.00188
1.00291
1.00073
0.999655
0.999845
1.00412
0.995633
1.00221
1.00059
0.998138
0.99675
1.00094
1.00002
1.002
0.998284
0.998146
0.999131
0.999742
0.99656
0.996004
1.00022
0.998517
0.999561
1.00334
0.999664
0.998038
1.00183
0.998885
1.00349
0.99861
1.00198
0.998755
1.00182
1.00135
1.00265
1.00061
0.998521
1.00089
1.00098
0.998289
1.00069
1.00151
0.998449
0.995061
0.997115
1.00039
1.00015
1.00134
1.00077
0.999168
0.993591
1.00096
0.999641
0.997751
1.00161
0.997833
0.996879
1.00426
1.00269
0.997168
0.99228
0.999585
0.999575
1.00185
1.00386
0.998249
1.00466
0.998067
0.998242
0.995121
0.996846
1.00277
1.00352
1.00034
0.994463
0.999613
1.00075
0.995174
1.00187
1.00546
1.00354
0.996877
0.996675
0.998337
1.00021
1.00141
1.00594
1.00207
1.00207
1.00056
0.999606
1.00219
1.00173
1.0016
1.00272
0.999837
1.00046
1.00044
1.00245
0.99888
0.998715
0.997655
0.997988
0.999128
1.00329
1.00289
1.00111
1.00296
0.995861
1.00156
1.00283
1.00268
0.997802
1.00201
0.998443
1.00185
1.00049
0.998875
1.0002
1.00115
0.995351
0.999288
0.999602
0.998962
0.999617
1.00124
1.00051
1.00051
0.997632
0.996143
0.998545
1.00142
0.99853
1.00341
0.999982
0.998917
0.997361
1.00121
1.00297
0.997208
0.996391
0.998896
1.00166
1.00391
1.00139
0.998549
1.006
1.0029
0.996397
1.00095
1.0014
0.997937
1.00096
0.998451
1.00405
0.999565
0.995602
1.00213
1.00408
0.998301
0.999225
1.00387
1.00052
1.0012
0.996998
1.00378
1.00231
1.00084
1.0037
0.997631
0.998131
0.998788
0.996211
1.00126
1.0042
1.00006
1.00146
0.999331
1.00005
0.997423
0.997845
0.99918
0.998453
0.998051
1.00113
1.00058
1.00065
1.00122
1.00406
1.00351
0.99935
1.0011
0.999448
0.998381
0.997515
0.9998
1.00345
1.00176
0.99661
0.996891
0.999203
1.00264
1.00016
0.996018
1.00102
1.00225
1.00047
0.998858
0.998028
0.998442
1.00178
1.00269
0.996567
0.997921
1.00371
0.99764
0.999899
1.00217
0.999704
0.999486
1.00236
1.00039
1.00183
0.997411
0.997522
0.999218
1.00278
0.998385
0.997192
0.997872
0.999109
1.00304
1.00774
1.00038
1.00568
1.00094
1.00253
1.00295
0.999643
0.99841
0.998823
0.996969
0.99999
0.998806
0.997272
0.997914
1.00014
0.997881
0.993096
0.999021
1.00224
0.999093
0.99621
0.999512
1.00001
0.999979
1.00143
1.00302
1.00067
0.997565
1.00043
1.00051
0.997171
1.00655
0.999812
1.00013
1.00275
0.996372
0.999096
0.997105
1.00194
1.00181
0.99634
0.99985
0.999144
1.00359
0.995926
0.997006
0.995819
0.998146
1.00411
0.996293
1.00208
1.0042
0.998498
0.999295
0.999672
0.999438
1.00001
1.003
0.999537
0.999895
0.997121
0.997904
1.00032
1.00249
0.997062
0.99972
0.994285
0.997621
1.00067
0.996869
0.999637
0.994819
1.00083
1.00448
1.0008
1.00165
0.995985
1.00093
0.995041
0.997035
1.0033
0.997636
1.00305
0.998525
0.998184
0.998288
0.99993
1.0033
1.00242
1.0019
0.997297
0.999788
1.00231
0.996557
1.002
1.00299
0.998577
0.99985
0.994663
0.99919
0.998283
0.99958
1.00062
0.997505
1.00225
0.999128
0.999687
1.00145
0.998616
0.998809
0.996852
1.00323
0.996849
0.998346
0.994165
1.00481
0.997356
0.996248
0.998072
1.00529
1.00471
0.999481
0.999054
0.995292
0.99964
1.001
0.99952
0.998912
1.00043
0.997668
0.999208
1.00181
1.0018
0.998394
1.00332
0.996697
0.996778
0.997606
0.99908
1.00111
1.00105
0.996816
1.00163
0.994738
0.998242
1.00236
0.999626
0.998209
1.00189
1.00051
1.00052
1.00186
1.0029
0.997573
1.00286
1.00261
1.0036
0.99988
1.00104
1.00253
1.00148
1.00352
1.00274
0.998947
0.998147
0.999278
0.999693
1.00281
0.999449
1.00001
1.00046
1.00174
1.00104
0.994924
0.999294
0.999829
1.00255
1.00067
1.00043
1.00167
1.00162
1.00607
1.00139
1.00291
0.994755
1.00121
0.999753
0.994771
1.0047
0.999876
0.9991
1.00006
1.00028
0.999233
0.996853
1.00223
1.00122
1.0028
0.991381
1.00048
0.998374
1.00082
1.00349
0.999125
0.993853
1.00327
0.998827
0.998754
0.998728
0.999243
0.998288
1.00253
1.00013
0.999012
0.999766
0.996842
0.999872
1.00253
1.00336
0.9987
0.994959
1.00132
1.00182
0.99833
0.99455
0.998405
0.999961
0.998255
0.99945
0.996786
0.994014
1.00486
0.996702
0.999037
0.999792
1.00052
0.995753
1.00183
0.998846
1.0045
0.996442
1.00139
0.995659
1.00253
0.997894
0.999613
0.999951
0.99562
0.999169
0.999902
0.999939
0.999052
0.998314
1.00379
1.00252
0.999967
1.00151
0.997349
1.00076
0.996458
0.998518
1.00214
1.00309
0.99945
0.997306
0.998673
0.999192
0.998053
0.999954
1.00061
1.00099
1.00117
1.00099
1.00444
0.999732
1.00012
0.999099
0.996132
0.997115
0.999182
0.998034
1.00028
0.997565
1.00303
1.0007
0.99691
0.999557
0.99981
0.998996
0.996125
1.00052
0.999356
1.00087
0.99745
1.00168
0.99766
1.00054
0.999196
1.00214
1.00407
1.00251
1.00359
1.00196
1.00016
1.00022
0.994468
0.998139
1.0004
0.99713
1.00269
0.999394
1.00768
0.997248
0.998765
0.999344
0.999295
1.00127
1.00318
0.998212
0.998727
0.998807
1.00129
0.996972
0.996237
0.999456
1.00422
1.00268
0.998243
0.998261
0.999702
0.999189
0.998592
0.99872
1.00337
0.999492
1.00008
0.997139
0.999358
0.996583
1.00116
1.00347
0.995085
0.997287
0.9999
0.996471
1.00257
0.998031
0.997078
0.998706
0.998742
0.999289
1.00037
0.998782
1.00305
1.00017
1.0013
1.00132
0.997729
1.00099
0.998334
0.999113
1.00006
1.00302
1.00197
0.997785
1.00079
1.00069
0.998105
0.999796
1.00018
0.997676
0.998137
1.00406
0.996802
0.998787
1.00079
0.999941
0.999113
0.998123
0.998315
1.00051
0.999345
1.00292
1.00128
1.00081
1.00328
1.00323
0.99944
0.996943
1.0001
0.998851
0.998431
1.00073
1.00509
1.00243
0.997488
1.00567
1.00247
0.998435
0.997115
1.00053
0.999004
0.999005
0.997888
1.00314
1.00076
0.997805
0.998475
1.00128
0.998114
1.00212
0.997694
1.00146
0.999975
0.99153
0.997574
0.999538
1.00008
1.00066
0.994273
1.00209
0.997744
0.9973
1.00149
1.00011
0.998322
1.00356
1.00131
1.00063
1.00075
0.997985
1.00542
1.0002
0.996068
1.00519
1.00272
0.998061
1.00099
1.00288
0.998187
0.997866
0.999064
1.0028
1.00718
0.999203
0.997822
0.998775
1.00217
1.00433
1.00341
1.00059
1.00193
0.997422
1.00101
0.997843
1.00207
0.998833
0.998681
1.00419
1.00052
1.0059
1.00391
0.999128
0.999087
1.0011
0.997014
0.999005
0.998084
1.00047
0.995409
1.00221
0.997419
0.995269
0.999666
1.0026
0.998049
0.999233
1.00266
0.998482
0.999391
0.996736
0.999692
0.999297
0.996988
0.999101
0.996321
0.994733
0.994566
1.0007
1.00116
1.00531
1.00121
1.00312
0.996261
1.0003
0.998218
0.997641
0.99922
0.998971
0.999009
0.99919
1.00053
1.00275
0.994795
1.00111
1.00341
1.00146
0.999627
1.00423
0.996095
0.998458
1.00017
1.00349
0.998108
1.00213
1.0022
1.00296
0.997949
0.999261
1.00234
1.00182
0.995752
0.99923
0.99809
1.00166
1.00083
1.00094
1.00138
1.0019
1.00288
0.999899
1.00087
1.00078
1.00057
0.998248
0.999092
1.00258
1.00107
0.998504
1.00036
0.999873
1.00051
0.99862
0.996245
1.00354
0.993007
0.998629
1.00493
1.00271
1.00434
0.999472
0.999767
1.00353
1.00369
1.00239
1.00204
1.00203
1.00041
0.999638
0.998082
0.998275
0.998705
0.996248
1.00157
0.996258
1.00331
0.996403
0.999647
0.999269
0.998501
0.997927
0.999248
1.00153
1.00095
1.00031
0.998927
0.998174
1.00036
1.00259
1.00114
0.99968
1.00074
0.995508
1.00319
1.00061
0.999173
0.994623
0.998955
0.999487
1.00108
0.998189
0.999796
1.00288
1.00166
0.998579
1.00223
0.998094
0.998463
1.00421
1.00164
0.998554
1.00477
0.997966
0.997198
1.00174
0.998298
0.99608
0.99953
0.998575
1.00219
1.00039
0.994484
1.00602
1.00007
1.00028
1.00121
0.997142
1.00269
1.00059
1.00216
1.00119
1.00436
1.00017
1.00176
0.999358
0.998952
1.00226
1.00133
0.996281
1.00112
0.998979
1.00063
1.00125
1.00281
1.00302
1.00084
0.999776
0.997062
0.998237
1.00125
1.0011
0.999133
1.0025
0.999013
1.00188
1.00297
1.00319
0.999354
1.00089
0.999273
1.00385
0.999288
1.00495
0.999389
0.999728
0.999974
0.995046
0.999395
1.00362
1.00137
1.00013
0.99852
0.999849
1.00146
1.00139
0.999952
0.997947
1.00481
0.998343
1.00061
1.00517
0.998386
0.999825
1.00018
1.00211
0.999392
0.998316
0.998511
1.00049
0.998227
0.999503
0.996956
1.00145
1
0.997505
1.00202
1.00154
1.00472
0.998291
1
0.999568
1.00092
0.999498
0.997203
0.991793
1.00465
0.99655
0.996838
0.998312
0.997795
1.00287
0.998406
1.00182
1.00058
0.999603
1.00117
1.00319
1.00049
1.00025
0.997309
1.00069
0.997883
0.997641
0.999008
1.00328
1.00172
1.00233
0.99879
1.00093
0.998176
0.99964
1.00017
0.99951
0.996816
1.00016
0.999498
1.00455
0.999376
0.99805
1.00123
1.00119
1.00026
1.00121
0.998319
0.998946
0.996147
1.00202
1.00309
1.00231
0.999857
0.999554
0.996701
1.00178
0.997453
1.00377
0.995623
1.00023
1.0012
0.998729
0.998831
0.998676
0.999486
0.999277
1.00422
1.00087
0.998955
1.00114
0.996824
1.00133
0.995839
0.996659
1.00361
1.00389
0.998548
0.998359
0.999064
0.996315
0.992326
0.997934
0.998807
0.998752
0.99901
1.00154
1.00528
1.00088
0.998993
1.00086
1.0047
1.00072
1.00229
0.999127
0.998735
1.00055
0.999935
1.00039
1.00011
1.0012
0.996285
0.995507
0.997678
1.00063
1.00034
0.999297
1.00015
1.00085
1.00368
1.00127
0.999782
0.998949
0.999165
1.00212
0.997542
0.996394
0.998399
1.00363
0.999323
1.00313
1.00014
0.999214
1.00139
0.999046
0.999081
1.00224
1.00615
1.0019
0.997304
1.00063
0.999839
1.00039
1.00453
0.999969
1.00273
1.00371
1.00207
0.998913
0.998982
1.00018
1.00267
1.00274
1.0023
1.00044
1.00113
0.998892
1.00195
1.00129
1.00013
1.00384
1.00212
0.998554
1.00273
1.00346
0.999254
1.00033
0.998684
1.00009
0.997096
1.0019
0.99778
0.999175
1.00262
1.00064
0.998287
0.999399
0.999435
1.00173
1.00306
1.00075
1.00067
1.00125
1.0016
0.992863
1.00432
1.00109
1.0006
0.996927
1.00027
1.00326
0.997199
1.00135
0.99876
0.998852
0.997978
1.00003
0.998117
0.999573
1.0026
0.999927
1.00194
1.00003
0.997248
0.997913
1.00126
0.997261
1.00225
1.00237
0.999126
1.0032
0.999363
1.00039
0.999613
0.993321
0.999348
1.00293
0.996609
1.00179
1.00465
0.995799
0.998585
1.0031
0.99784
1.00164
1.00318
1.00213
1.00444
1.00219
0.99999
0.998228
0.998734
0.998787
0.999653
0.997402
1.00424
1.00423
1.00106
0.99786
0.997807
1.00105
1.00198
0.999846
0.998223
1.00214
0.998507
0.997114
1.00248
0.998812
1.00038
0.99976
1.0019
1.00014
0.998808
0.999621
1.00235
0.999613
1.00029
0.99633
1.00091
1.00173
1.00074
0.998369
1.00287
1.00319
0.999756
1.00147
1.00189
1.00108
1.0007
1.00173
0.999785
1.00161
1.00234
1.00081
0.997761
1.00207
0.999131
0.994941
0.999013
0.999849
1.00132
1.00087
1.00086
0.997869
0.998024
0.998435
1.00361
1.00327
0.999755
0.996674
1.00251
1.00194
0.997295
1.00048
1.0004
0.999922
1.00221
0.997485
0.99782
1.00635
0.998315
1.00144
1.00362
0.993421
0.999603
0.998586
1.00332
0.99941
1.0021
1.00065
1.00019
0.999085
0.99981
0.999518
0.998574
0.999325
0.998293
0.999329
1.00186
0.999307
1.00115
1.00029
0.995766
1.00377
1.00135
1.00004
1.00137
0.998142
0.998432
1.00212
1.00278
1.00111
0.998379
1.00145
1.00086
0.99866
0.999355
0.99852
0.999063
1.00112
0.99902
0.997003
1.00232
1.00179
0.996302
0.999318
1.00262
1.00166
1.00119
0.996488
0.994796
1.0049
1
0.999373
0.996219
1.00291
1.00034
0.996045
1.00255
0.999004
0.997606
0.999451
1.00397
1.00425
1.00448
1.00074
0.998525
1.00129
1.0014
0.997836
1.00023
0.998866
0.999858
1.00442
0.995402
0.997233
0.999093
0.999467
1.00273
1.00287
0.998404
1.00165
0.99741
0.997279
0.999406
0.998503
0.999014
0.999259
0.998155
0.998451
0.999985
0.998489
1.00344
1.00191
0.999954
0.999914
1.00187
0.997844
1.00186
1.00004
1.00337
0.998777
0.998108
0.999572
1.00027
0.998486
0.999498
0.998299
0.999299
1.00251
0.997409
1.00475
0.998834
0.99756
0.998458
0.99901
0.999828
1.00227
1.00224
1.00147
1.00264
0.997268
1.00292
1.00608
0.997396
0.99716
0.998891
0.999027
1.00117
0.999632
1.00335
0.996763
0.997801
1.00578
1.00005
1.00266
1.00277
1.00442
0.993555
0.997683
1.00063
0.998796
0.998427
1.0039
1.00021
0.998514
0.997006
1.00062
0.998564
1.00244
0.999906
1.00179
1.00628
1.00364
0.998568
1.00657
0.998475
0.999664
0.99803
1.00231
1.00062
0.999182
1.0027
0.996852
0.999562
0.9987
0.999113
1.00393
1.00171
1.00395
0.997896
1.00313
1.00249
0.998785
1.00378
1.00109
0.999002
1.00235
1.00129
0.999241
1.00098
0.999369
1.00002
1.0078
0.997335
1.0004
0.999516
1.00022
0.998398
1.00246
0.998281
0.999677
0.999641
1.00289
1.00046
0.999397
0.997981
0.998463
0.997933
1.00122
1.00082
1.00069
1.00373
1.00688
0.995916
0.991637
1.0013
1.00294
0.999747
1.00251
1.00312
0.998678
0.998773
0.999684
1.00215
1.00551
0.997066
1.00069
0.998831
0.997735
0.998803
0.994965
0.994271
1.0003
1.00165
1.00061
0.996979
0.999686
0.997657
0.999395
0.997709
0.998467
0.997546
0.998233
0.997767
1.00049
0.997016
0.997422
0.998518
0.995232
0.999093
0.999387
0.999747
0.999359
0.998034
0.996873
0.998981
1.00104
0.999838
0.997506
1.00378
1
0.99604
1.00163
1.00173
0.99778
1.00177
0.998658
1.00082
1.00012
1.0002
1.0012
1.00072
1.00313
0.999556
1.00361
1.00169
1.00365
0.999638
0.99999
1.00214
0.999245
0.996947
1.00149
1.00043
1.00133
0.997862
0.995121
1.00241
0.998467
0.997775
1.00206
1.00139
0.999956
0.998808
1.00085
0.997981
1.00081
1.0031
1.0015
0.996375
0.99808
0.995475
0.998987
0.997214
0.997331
0.997969
1.00255
0.997161
0.99928
1.00084
0.995137
1.00255
0.996948
0.99672
1.00564
0.999775
0.996586
0.997805
0.999357
1.00267
1.00109
1.00118
1.00173
0.999953
0.999534
1.00205
0.998828
1.00019
1.00208
0.99654
0.999437
0.997682
1.00055
0.995916
1.00072
0.997329
1.00234
1.00065
0.999293
0.997424
1.00275
0.997134
1.00301
0.998117
1.00227
0.998686
0.999609
0.999025
0.998532
0.99742
1.00048
1.00029
0.999092
0.997285
0.996671
0.999455
0.997635
1.00058
0.999119
1.00352
1.00339
0.994375
0.996597
0.99763
1.0007
0.998613
1.00351
0.999245
0.998763
1.00525
1.0007
0.996949
1.00093
1.00016
0.99608
0.995666
0.999493
0.999342
1.00061
0.998658
0.998157
1.00049
0.997591
0.999531
1.00148
1.00034
1.00401
1.00292
1.0003
1.00352
1.00206
1.00323
0.998226
0.99966
1.00451
0.998438
0.997184
1.00146
0.997088
0.999541
0.995161
0.9991
0.998197
1.00108
0.999993
0.996889
0.999755
1.00105
0.999811
1.00036
1.00183
1.00041
1.00022
0.999057
1.00131
1.00163
1.0024
0.995886
1.00002
1.00037
0.997081
1.00338
0.999234
0.996527
1.00132
1.00158
0.999437
0.99654
1.00111
0.997189
1.00082
0.998584
1.00212
1.0017
1.0056
0.997197
1.00013
0.995093
1.00019
1.00213
1.00185
0.9977
1.00263
1.00833
0.999527
0.99919
0.997936
0.997324
1.00003
0.999821
1.00239
1.00216
1.00082
1.00654
1.00161
0.999895
0.995994
0.999024
1.00405
1.0002
1.00189
0.999891
1.00184
0.997327
1.0003
0.99928
1.00164
1.00143
0.999101
1.00021
1.00015
1.00229
0.999308
0.999163
1.00039
0.999357
0.995063
1.00304
0.999172
0.999751
0.998693
1.00116
1.00337
1.00207
0.996083
0.997684
1.00147
1.00148
1.00293
0.996182
1.00102
0.998588
1.00584
0.998832
0.994648
0.998641
1.00034
1.00031
1.00159
0.998248
1.0025
1.00366
1.00599
1.00453
1.00096
0.995506
0.99946
1.00037
1.0005
1.00385
1.00186
0.998391
1.00174
0.999779
0.999879
0.997686
0.999707
0.999406
0.999755
1.0022
0.995468
0.996812
0.998016
0.99792
1.00002
0.997965
0.997628
1.00083
0.999645
1.00162
0.997807
1.0021
0.996948
1.00007
0.99611
0.996668
0.996704
1.00046
0.999163
1.00393
0.998426
1.00022
1.00128
0.999536
0.997333
0.999569
0.996112
0.997042
0.997993
1.00261
0.999056
0.998556
1.00176
0.995069
0.997518
0.998593
0.99679
0.999733
1.00385
0.997616
1.00327
1.00002
1.00079
1.00061
0.999215
1.00045
0.9988
1.00134
0.997998
0.999551
0.998309
1.00011
1.00276
0.999329
0.997142
0.997575
0.999223
1.00037
1.00384
0.993846
0.998821
1.00078
1.00321
1.00072
1.0003
0.999334
0.995543
1.00033
1.0028
1.00411
0.996639
0.998262
0.999597
0.997912
1.00184
1.00089
1.00013
0.997715
1.00106
1.00148
1.00264
0.998334
1.00121
1.00161
1.0033
0.997756
1.00199
1.00213
0.999138
0.999816
1.00162
0.999064
0.99863
1.0009
1.00025
0.996102
1.00033
1.00046
1.00415
0.997446
1.00027
1.00171
1.00021
0.998643
0.996257
1.00297
1.00496
0.998648
1.00143
0.994567
0.998748
1.00241
0.998502
1.00641
1.00111
0.997174
0.995902
0.998668
0.999043
1.00263
0.998749
1.00029
1.00039
1.00263
1.00301
1.00154
0.999955
0.997604
1.00143
0.995915
0.997871
1.00165
0.999857
1.0024
1.00264
1.00012
1.00291
0.996422
1.00013
1.00096
0.998226
0.999197
0.99917
0.996506
1.00159
1.00161
1.00123
1.00168
0.999684
0.996007
1.00041
0.998941
1.00015
0.996653
0.99659
0.999382
0.99506
1.00224
0.999753
1.00078
1.00226
0.999578
1.00327
1.00136
1.0037
0.996506
0.995681
1.00175
0.999372
0.999171
0.997431
0.996338
1.00099
1.00107
0.999145
1.00589
0.998972
1.00655
0.999231
0.999029
1.0017
0.997988
1.00167
0.999029
0.999735
1.00052
0.999369
0.998198
0.999263
0.996655
1.00009
1.00212
1.00329
1.0049
1.00187
1.00126
1.00088
1.00427
0.999524
0.998107
1.00145
1.004
1.00091
1.00108
1.00156
0.99624
1.00092
1.00067
0.998523
0.999735
1.00043
1.00136
1.00206
0.999605
1.00121
1.00194
0.99972
0.997692
1.00103
0.999377
0.999225
1.00092
0.997894
1.00121
1.00204
1.00537
0.999339
1.00345
0.99944
0.998303
0.998677
1.00062
1.00008
1.00274
0.99798
0.999242
1.00007
1.00094
1.00172
0.998873
1.0002
1.00168
1.00231
0.996251
1.00162
1.00397
0.99274
0.999092
1.00094
0.999384
0.998514
0.996912
1.00197
1.00055
0.995974
0.999066
0.999118
1.00114
0.997993
1.00206
1.00425
0.998024
1.00122
0.999935
1.00006
1.00178
0.99945
1.00002
1.00638
1.00179
1.00016
0.996309
0.998612
1.00382
0.996545
1.0024
1.00193
0.998807
1.00171
1.00041
0.999305
1.00118
0.999852
1.00085
1.00249
0.996277
1.00045
1.00159
0.996728
0.995338
0.996559
0.996045
0.997291
1.0011
0.998604
1.00118
0.994178
0.996568
0.999384
0.999757
1.00477
0.999861
0.997417
0.998988
0.999469
1.00187
1.0027
1.00065
1.00658
1.00143
0.9991
1.00021
0.999391
0.996422
0.999933
0.995341
0.998887
0.998693
0.99627
1.00218
1.00139
0.998061
1.00206
1.00537
0.996698
0.996258
1.00117
0.998794
1.00048
1.00081
1.00114
1.00002
0.999327
1.00021
1.00053
1.00356
1.00239
1.00509
1.00008
1.00061
1.00515
1.0001
0.999329
0.996019
0.998234
0.998724
1.00134
1.00131
1.00169
1.00097
1.0007
0.999951
0.998329
0.9994
0.997162
1.0054
0.998343
1.00606
1.00275
1.00029
0.999408
1.00257
0.997915
1.00002
1.00206
1.0033
1.00072
0.999087
0.998458
1.00121
0.992849
1.00153
1.00634
0.998752
1.00521
1.00031
0.996158
1.00267
1.0017
0.999292
1.00119
0.999301
1.00537
1.00018
1.00209
1.0022
1.00101
1.00067
0.998941
0.998965
0.99901
1.00261
1.00226
0.999541
1.00095
1.0008
1.00445
0.999176
0.998059
0.999774
0.999053
0.998662
0.995908
0.997518
0.997544
0.999656
0.996579
1.00154
0.999965
0.997902
0.99811
1.00167
1.0057
1.00359
1.00035
0.995645
1.00346
0.99979
0.99843
0.996029
0.995459
0.99791
1.00067
1.00367
1.00006
1.00242
0.997449
1.00175
1.00016
1.00164
0.999378
1.00067
1.00231
0.995462
1.00057
0.997001
1.00045
0.996835
0.996951
1.00307
1.00238
1.0007
1.00365
0.99822
1.00053
0.9962
1.00217
1.00333
0.998288
1.00078
0.998848
1.00016
1.0006
0.99741
1.00113
1.00058
0.99643
1.00049
1.00217
0.999903
0.999432
1.00456
1.00019
0.997499
0.999261
1.00245
0.994984
1.00029
1.00134
0.999898
1.00464
0.995329
0.999523
0.999679
0.996577
1.00233
0.995329
1.00251
1.00066
0.999563
0.999544
1.00055
0.99756
0.997923
0.998536
1.00238
0.998975
0.996562
0.99745
1.0015
0.999272
0.999002
1.00347
0.99921
0.998145
0.99847
1.00344
1.00088
0.997968
0.995419
1.0003
1.00052
0.998232
0.998523
1.00224
0.995619
1.00081
0.998735
0.998355
1.00022
1.00206
0.999961
0.999925
1.00176
1.00279
1.00018
1.00383
0.998003
0.998596
1.00377
1.00048
0.993789
1.00324
1.00182
0.99308
0.997856
1.00171
1.00158
1.00138
0.998898
1.00122
1.00157
0.998652
1.0019
0.996797
1.00512
0.998815
1.00345
0.998877
0.998368
1.00123
0.999026
0.996514
1.00062
1.00129
1.00175
0.999991
1.00351
1.0038
0.997952
1.00107
1.0028
1.00234
1.00398
1.00188
1.00206
0.999993
1.00038
1.00309
0.998247
0.996339
0.995792
1.00254
0.99824
0.998297
1.00027
1.00008
0.999213
0.999668
0.998499
0.998266
1.00315
1.00026
1.00308
1.00547
1.00164
0.997117
1.00172
0.996686
0.997917
1.00335
1.00106
1.00241
1.001
0.999359
0.998681
0.998682
0.998341
1.00712
0.999047
0.998761
1.00083
0.999677
0.998224
1.00282
1.00279
0.99935
0.996645
0.997871
1.00225
0.998717
1.00067
0.999183
0.999958
0.997453
1.00166
1.00052
0.998567
0.996563
1.00065
0.998676
0.998347
0.997044
1.00242
0.998682
0.998518
0.996101
1.00105
1.00019
0.998118
0.999065
0.999812
1.00244
0.996457
0.997832
1.00263
0.997412
1.00109
1.00061
0.997983
1.00163
0.996531
0.998803
0.997741
1.00063
0.998193
0.999134
1.00029
0.998151
1.00133
1.0008
1.00667
1.00396
1.00035
1.00646
0.998379
1.00304
1.00122
0.998889
0.999959
1.0002
0.998457
1.00436
0.994715
1.00176
0.995882
1.00228
1.00046
0.998045
1.00077
0.994685
0.997237
1.00322
0.99736
0.995153
0.996642
1.00108
0.994573
0.996611
1.00099
1.00082
1.00174
0.999301
0.997009
1.00128
0.99595
0.999537
1.00008
1.00564
1.00049
1.00282
1.00058
1.00326
1.00157
1.00152
1.00301
1.00205
1.00181
0.999329
1.00022
0.998757
0.996899
0.999743
0.99354
1.00227
0.997856
1.00143
1.00072
1.00229
1.0031
1.00059
1.00195
1.00105
0.998708
0.999197
1.00172
1.00011
0.999247
0.999569
0.99921
0.996579
0.996285
0.997668
0.997537
1.00646
0.999518
0.995093
0.999933
1.00179
0.997619
0.998793
1.00259
1.00039
1.00097
0.998243
0.999659
0.999612
1.00524
1.00398
0.998069
1.0019
0.995862
1.00157
0.997992
1.00448
0.999938
1.00175
1.00172
0.994908
1.00192
0.996393
1.00192
0.999017
1.00352
1.00455
1.0003
1.00177
1.00085
1.00409
0.994913
1.00319
1.00097
0.996067
1.00458
0.99742
0.997034
0.998484
0.99721
0.99697
1.00288
1.00183
0.999853
1.00391
0.996146
0.999661
0.995665
1.00396
1.00047
0.998206
1.00166
1.0033
0.994569
1.00189
1.0011
0.997933
1.00269
0.999644
1.00405
0.997099
0.998125
0.997879
0.999708
1.00325
1.00275
0.994519
0.996829
1.00145
1.00064
1.00255
0.997675
0.99646
0.999546
0.995526
1.00023
0.998623
1.00302
0.99948
1.00087
1.00125
0.998515
0.999544
0.998715
1.00478
0.998744
0.998494
0.997925
1.00309
1.00117
1.00432
1.00136
0.999169
0.998524
1.00045
1.00288
1.00505
0.999934
0.998336
0.997683
0.995678
1.00175
1.00471
0.999237
0.998342
1.00172
1.00385
0.996714
1.00144
1.00003
1.00222
0.998162
0.999001
0.999116
1.00013
0.995468
1.00091
1.00032
1.0015
0.999777
0.999685
0.998056
1.00017
0.999714
1.00485
1.00171
0.995455
1.0028
0.99869
1.00096
0.997233
0.995567
0.99951
1.00171
0.999879
1.00275
0.997832
1.00174
1.00107
0.999137
1.0057
0.997906
1.00107
0.998774
0.99798
0.997962
0.997981
0.999566
0.998447
1.00264
0.999524
0.99912
0.998885
1.00118
1.00254
1.0036
0.999679
1.00381
1.00171
0.998525
0.997865
1.00131
0.997771
1.00346
0.994845
0.996594
0.996575
0.994908
0.9944
0.997722
0.999416
0.99565
0.996058
0.99955
1.00313
0.996517
0.99834
0.999753
0.99639
1.00181
0.998922
0.998756
0.998645
0.995967
1.00094
1.00348
0.996536
1.00451
1.00185
1.00062
1.00078
0.999096
0.996198
0.999022
1.00123
1.00428
1.0027
1.0025
1.00153
1.00033
0.99836
1.0005
0.999497
0.999341
1.00444
0.996264
0.999828
0.998646
1.00477
0.999538
1.00143
0.997012
1.00169
0.995232
1.00278
1.00225
0.999247
1.00337
1.00281
0.998574
0.997915
1.00022
1.00049
0.999168
0.998683
1.00266
1.00081
1.00328
0.999362
0.998139
0.996091
0.997225
1.00122
0.996838
1.00056
0.995365
1.00374
0.998406
1.00368
0.997967
1.00325
0.999668
0.998097
0.995939
0.996335
1.004
0.995885
0.99707
0.999735
0.996775
0.998467
0.999746
1.00402
0.998865
0.995889
1.00299
0.999285
0.999444
1.00068
0.997721
1.00139
1.00102
0.997717
1.0031
0.996387
0.999751
1.0008
1.00463
0.996276
0.999028
0.999761
1.00173
0.998851
1.00044
0.999775
0.991895
0.99762
0.997474
1.00085
0.998235
0.999424
0.997767
0.996395
1.00158
1.00235
1.00041
0.998942
0.996879
1.00042
1.0022
1.00076
0.997563
1.00303
0.999855
0.997755
1.00417
0.99847
1.00027
1.00027
1.00305
1.00118
1.00031
0.997687
1.00222
0.999023
0.997607
1.002
1.00042
1.00132
0.997548
0.999296
1.00095
0.998327
0.999803
0.994723
1.00033
0.997795
0.999211
0.99902
0.999103
0.999095
0.999621
0.996006
1.00072
1.00112
0.999374
0.99895
0.996507
0.99641
1.00342
0.997031
1.00061
0.998587
0.997354
1.00698
1.00188
0.999254
0.998996
1.00028
1.00306
1.00265
1.00334
0.99654
1.00281
1.00001
1.00129
1.00231
1.00748
1.00505
1.00428
0.996414
1.00034
1.00418
1.00492
0.998963
1.00247
0.998309
1.00191
1.00156
1.00259
1.00167
1.00084
0.999809
0.998648
1.00124
0.996332
1.00071
0.998406
1.00025
1.00283
0.997463
1.00225
1.00188
0.998923
1.00274
1.00002
0.996201
0.992994
0.997201
0.998182
1.00081
1.00267
1.00275
0.994517
0.998593
1.00678
0.999159
1.00169
0.997865
1.00009
1.00032
0.998826
0.998275
0.999713
1.00282
0.99736
0.994694
1.00066
1.00006
1.00047
0.999558
0.994875
1.00316
1.00176
0.996808
1.00326
1.00282
0.998343
1.00188
1.00247
0.996917
0.996838
1.00051
0.99889
1.00038
1.00334
0.999615
1.00345
0.998445
0.999732
0.998031
0.999478
0.994486
0.99629
0.998691
1.00147
1.00054
0.999007
0.997786
1.00248
0.998546
1.00117
0.998586
1.00401
0.997918
1.00259
1.00004
1.00249
0.999622
0.999798
0.997713
1.00065
0.997983
1.00459
0.99788
0.999962
1.00426
1.00085
1.0029
1.00061
0.998167
1.00198
0.998723
1.00083
1.00125
1.00134
1.00082
1.00262
1.00478
0.999367
0.999979
0.995134
1.00519
1.00061
0.996469
1.00406
1.00274
1.00103
1.00382
0.999555
1.00108
1.00097
0.998697
1.00101
1.00092
0.999841
1.00057
1.00086
0.998344
0.997923
1.00094
0.998252
1.00047
1.00326
1.0033
0.999069
1.00236
1.00385
0.99642
0.99813
1.00032
0.999333
0.998531
0.998662
1.00061
1.00067
1.00291
0.996095
0.997922
1.00248
1.00314
1.00068
1.00255
0.998284
1.00072
1.00124
0.999222
0.998964
0.999509
0.996185
1.00204
0.999782
1.0012
1.00052
0.997379
1.00004
0.995052
1.00083
0.9972
1.00075
1.0009
1.00089
1.00204
1.00154
1.00045
0.996376
0.995716
1.00503
1.00093
0.998651
0.999697
1.0041
0.997541
0.996304
1.00077
0.999385
0.997582
1.00023
0.993316
1.0024
0.999017
1.00174
1.00161
1.00102
1.00177
1.00203
1.00472
0.995784
0.999126
1.00112
0.997945
1.00302
0.996431
0.998159
1.00168
1.00106
1.00278
0.998313
0.997068
1.00186
1.00415
1.0031
1.00158
0.997824
0.997931
0.997417
1.00043
1.00452
1.00088
0.998386
0.998623
0.99775
1.00306
1.00008
0.998071
0.998519
1.00299
1.00329
1.00077
0.996715
1.00064
0.997836
1.00124
1.0003
1.00081
0.999589
1.00115
1.00128
1.00506
1.00313
1.00014
1.00345
0.997951
1.00054
1.00003
1.00097
0.996052
0.99769
0.996113
1.00147
0.997526
1.00219
1.00167
0.999242
1.00052
0.998089
0.993427
0.996549
1.00366
1.00087
1.0021
0.993537
0.99609
0.996704
1.00034
0.999592
1.00078
0.999754
0.999438
0.999275
1.0014
1.00142
1.00219
0.997137
1.00284
1.00195
1.00114
0.999803
0.998813
0.998519
1.00015
0.999283
1.00312
0.997221
0.995331
1.00044
1.00198
0.997095
1.00632
0.997603
1.00092
1.00022
1.00264
1.00064
1.00318
0.997288
0.998233
0.997772
1.00314
0.998418
1.00108
1.00206
1.00245
1.00001
1.0011
1.00094
1.00082
1.0028
0.998574
0.99443
0.99988
1.00359
1.00126
1.00423
0.996412
0.999588
1.00151
0.999333
1.00094
0.9972
0.997655
0.999244
1.0004
1.0011
0.9957
0.997809
1.00125
0.999935
1.00004
1.0037
0.999553
1.00329
0.998299
0.998014
1.00531
0.99952
0.998345
0.998597
0.998462
0.998787
0.998335
1.00025
0.998329
0.999938
1.00212
1.00078
0.998056
1.00406
1.00253
0.999168
0.998777
0.997662
1.0058
0.99876
1.00002
1.00335
0.995714
1.00083
1.00113
0.998145
1.00084
1.0014
1.00258
0.998337
0.998882
1.00209
1.00076
0.998311
0.999759
0.999006
1.00227
0.997507
0.997238
1.00238
0.998246
1.00092
0.998694
1.00766
1.00145
1.00322
0.998613
1.00098
0.999718
1.00106
0.999565
0.998036
1.00188
0.999853
1.00018
1.00193
0.99957
1.00081
1.00373
0.999241
1.00068
0.998315
1.00234
1.00032
0.996572
1.0005
1.00129
0.997239
1.00132
1.00213
1.00012
1.00071
0.994376
1.00148
1.00214
0.999389
0.997677
1.00516
0.995236
1.00065
0.99981
0.999935
1.00421
1.00068
0.996373
0.999792
0.99836
0.999847
0.998596
1.00486
1.00547
0.998601
1.00117
0.997487
0.999814
1.0033
0.996747
0.9963
0.999179
1.00204
0.997582
1.00114
0.999052
0.999386
0.993512
0.999695
1.00133
1.00301
0.999388
1.00006
1.00447
1.003
0.999598
1.00072
1.00035
0.998943
1.0036
0.999339
0.997198
0.998922
1.0002
1.00024
0.996748
1.00228
1.00303
0.996683
0.999592
0.996217
1.00115
0.999655
1.00107
0.997289
0.997144
1.00131
0.994634
1.00037
0.999786
0.996707
1.00177
0.996267
0.997592
0.997397
1.00274
1.00039
0.999392
1.00351
0.998039
1.00036
0.997758
0.999654
0.997818
1.00243
1.00165
1.0002
1.00112
0.998202
0.999578
1.0003
1.00344
1.00394
0.999086
1.00208
1.00289
0.997357
0.99523
0.997744
0.999549
1
0.999621
0.998819
1.00111
0.99953
0.999042
0.998644
0.999444
0.999739
0.998153
1.0013
0.9976
1.00358
0.998948
0.997533
1.0003
0.99967
1.00071
0.998383
1.00254
0.998982
0.998058
1.00293
0.998521
1.00191
0.998076
1.00416
1.00053
0.999524
0.997307
1.00332
1.00049
0.997335
0.999273
1.00204
0.997991
0.996262
1.00125
0.99977
0.996511
0.998732
0.996546
0.994605
1.00132
1.00359
0.999041
1.00046
1.00176
0.99912
0.998162
1.00161
1.00114
1.00201
1.0051
1.00188
1.00003
0.995518
0.998257
0.999036
0.994529
0.999804
1.00018
1.00812
1.00519
1.00236
0.998905
0.998312
0.999573
0.999997
1.0011
1.00161
0.996667
1.00562
0.995179
1.0018
1.00033
1.00014
1.00184
0.997419
0.996859
0.997073
0.998151
0.997193
0.999082
1.00023
1.0006
1.00522
0.996812
0.998061
1.00007
1.00317
1.00141
1.00205
0.994757
1.00143
1.00014
0.997123
1.00182
1.00601
1.00337
1.00688
0.999659
0.996818
0.999287
0.998994
0.998347
1.00371
0.999623
0.998426
0.997267
0.997671
1.0009
1.00025
0.999778
0.999123
1.00014
0.998732
0.999298
0.996845
1.0009
0.999907
1.00177
0.997004
0.998361
1.00135
0.999742
0.999346
1.00107
0.998677
1.0022
1.00006
0.995483
0.997154
1.0002
1.00357
0.997953
1.00236
0.996969
1.00076
0.999347
0.997478
1.00305
1.00038
1.00122
0.997815
0.997664
1.0005
0.99553
1.00157
1.00011
1.00209
0.999912
1.00314
0.999383
1.00062
0.995734
0.999048
0.996946
1.00126
0.997936
0.997863
1.00136
1.00194
0.99541
1.00144
1.00094
1.00102
0.996325
0.996267
0.998841
0.997833
1.00124
1.00246
1.00018
0.999042
1.00519
0.999467
0.999036
0.999212
1.0027
0.995979
0.997161
0.999562
1.00294
0.996228
0.996389
0.996628
0.996579
1.00735
1.00354
0.997374
1.00243
1.00283
1.00471
1.00072
0.999332
0.998852
0.99733
0.997669
1.00159
0.998921
0.998006
1.0009
0.9997
1.00619
0.995674
1.00644
1.00265
1.00276
1.00642
1.00349
0.999704
0.996547
1.00279
1.00064
0.996154
1.00099
0.999579
1.00096
1.0016
0.997805
1.00513
1.00141
1.00207
0.999008
1.00206
1.00231
0.997654
0.998469
1.00293
1.0027
1.00145
1.00218
1.00288
0.997347
1.00111
0.999368
0.999211
0.995343
1.0038
0.997778
0.99802
0.996294
0.996084
1.0002
1.00293
0.999574
0.998986
1.0016
1.00181
1.00107
0.996695
1.00516
0.997471
0.998484
1.00458
1.00352
0.99845
0.999319
1.00163
1.00176
0.997441
0.998498
0.997532
1.00027
1.00159
1.00148
1.00117
1.0021
0.996995
0.999377
1.00166
0.998539
1.00136
0.999328
1.00395
1.00005
0.998077
1.00269
1.00033
1.00137
1.00311
1.00022
0.999637
0.998561
0.995493
0.997063
0.997035
1.00251
1.00135
0.999432
0.999713
0.998836
1.00064
1.00259
0.996896
0.995346
0.998452
1.00645
1.00249
0.997504
1.0013
1.00372
0.996946
0.995691
1.00221
0.997146
0.997417
1.00032
1.00051
0.995493
0.997174
1.00148
1.00021
0.998645
1.00328
1.0036
0.997931
1.0001
1.00491
0.995308
0.998106
1.00035
0.999384
0.997145
1.00277
0.997149
0.995769
0.998433
0.999329
0.995576
0.995447
1.00076
1.00034
1.00562
0.995691
1.00037
1.00399
1.00308
0.997221
0.999547
1.00102
0.999981
1.0002
0.998368
1.00163
0.998264
0.99563
1.0037
1.00268
0.997754
1.00216
1.00379
0.997925
0.99986
0.997325
1.00027
0.999379
1.00165
0.998934
0.997743
0.997676
0.999306
1.00161
0.995237
0.995754
1.00052
0.997572
0.999585
0.998893
1.00187
1.00194
1.00016
0.997843
0.996026
1.00048
1.00097
0.999599
0.998785
0.998137
0.996452
1.00136
1.00462
1.0008
1.00012
0.998139
0.995912
1.00118
0.997664
1.00273
0.999214
0.999058
0.999724
1.00633
1.0046
0.998737
1.00425
1.00297
0.99821
1.00343
0.996639
0.995889
1.00333
0.996544
1.00218
0.993279
0.999255
0.996473
0.998911
0.998988
1.00123
0.998272
1.00139
0.994963
0.999266
1.00046
1.00316
0.999693
1.00262
0.993103
0.999703
0.999441
0.995798
1.00063
0.997168
0.998668
1.00498
1.001
1.004
1.00014
1.00273
1.00059
0.998452
1.0029
1.00444
0.998014
1.0023
1.00266
1.00228
0.999954
0.998702
1.00282
0.999528
0.999266
0.99309
1.00052
1.00124
0.996031
1.00062
1.00078
0.997935
0.998891
0.998888
0.99722
0.99735
0.995837
0.99953
0.999263
0.997809
1.00177
0.996918
0.997488
0.998076
1.00284
1.0042
1.00136
1.00598
0.999204
0.99714
0.999399
1.00124
1.0002
0.996079
1.00232
1.00127
0.999218
0.998698
1.0022
1.00018
1.00263
0.999945
0.99933
0.992705
1.00043
1.00142
1.0018
1.00106
0.996625
0.997835
1.00482
1.0035
0.998977
0.999415
0.999647
1.0018
1.00072
1.00115
0.999807
1.00069
0.999577
0.99536
1.00039
0.999492
0.997592
1.0014
0.998605
1.00228
0.998318
0.999299
1.00221
0.996158
0.99896
1.00519
0.998857
1.00071
1.00138
1.00034
1.00121
0.999303
0.999636
0.99819
0.996117
1.00066
0.998957
1.00065
0.998175
0.997868
1.0026
1.00133
1.00197
1.00204
1.0032
0.997979
0.999616
1.001
0.996386
1.00312
0.999142
1.00204
0.999071
0.999626
1.00016
1.00064
0.99532
0.999494
0.998615
1.00128
0.99715
0.998976
1.00158
0.999936
0.999351
0.995443
1.00039
1.00165
0.996072
0.996914
1.00033
1.00499
1.00159
1.00173
1.00158
1.00241
1.00279
1.00069
1.00172
1.00091
0.996894
0.995925
0.998916
0.99728
0.999282
1.00727
0.99916
1.00205
1.00341
0.998458
0.99882
1.00162
0.994338
0.996288
0.99966
0.998658
1.0006
1.00234
1.002
0.997874
0.99853
0.999252
0.998008
1.00087
1.00296
1.00001
0.99831
0.996443
1.00052
0.998734
0.999944
1.00609
0.994873
1.00243
1.00385
0.999384
0.998963
1.00029
1.0002
1.00281
1.00515
0.999696
1.00203
1.00161
0.999557
1.00221
1.00136
1.00059
0.996288
0.997393
1.00217
1.00453
1.00095
0.997255
1.00159
1.00201
1.00041
1.00119
1.00428
1.00121
0.998588
0.993446
1.00169
1.0011
0.99848
0.999731
1.00062
0.999604
0.998223
1.00202
1.00528
1.00419
1.00311
0.999852
0.998885
1.00436
1.00168
0.997589
1.00014
0.998738
0.995894
1.00104
0.999829
1.00192
0.999227
0.995697
1.00174
1.00096
0.997704
1.00652
1.00264
1.0012
1.00494
1.00262
1.00533
1.00249
1.00186
1.00349
0.996596
0.998033
0.99714
0.998624
0.999885
0.998274
0.99962
0.997862
1.00515
1.001
0.99815
0.997873
1.00012
1.00025
0.99789
1.00099
0.99785
1.00412
1.00026
1.00543
0.996512
0.993529
1.00069
1.00212
0.994699
1.00385
0.996256
1.0025
0.999569
1.00079
0.997717
0.998919
1.004
0.999459
1.00063
0.999478
0.99975
1.00251
0.995305
1.00093
0.998606
0.998717
1.00238
0.997702
0.999956
1.00276
1.00166
0.997506
0.998467
0.999187
1.00259
1.00072
0.999981
0.995144
0.998207
1.00076
1.00639
0.998681
0.999523
1.0031
1.00146
1.00045
0.994616
1.00013
1.00247
1.00542
1.00151
1.00139
0.999752
1.00146
1.00643
0.997493
1.00177
1.00102
0.996926
0.997245
1.00101
1.00534
0.996692
1.00028
1.0041
1.00326
1.00161
0.999282
1.00089
1.0042
1.00085
1.00039
1.00204
1.00214
0.997845
0.998731
0.995107
1.00194
1.00198
0.9995
1.0023
0.999167
1.00264
0.999521
1.00106
1.00253
1.0048
0.999956
0.99896
1.00101
1.00058
0.999637
0.997472
1.00279
1.00258
0.994474
1.00205
0.999534
0.998626
0.999373
0.999979
0.999562
0.999698
1.00151
1.00081
0.995116
0.992354
0.999476
0.996004
0.997733
0.999287
1.00272
1.00071
0.9987
1.00571
1.00283
0.999886
0.998056
0.999986
1.00366
0.99912
1.00317
0.99987
1.00278
1.00065
0.998211
0.995148
0.99765
1.0071
1.00367
1.00088
1.00112
1.00232
0.997606
1.00109
0.99693
1.00555
0.998862
1.00115
0.999356
0.997787
0.996813
1.00611
1.00346
0.99703
1.0051
0.997484
1.00217
0.999145
1.00307
0.995101
0.999689
0.998141
1.00029
0.999013
0.998708
0.995851
0.995393
0.997801
0.997299
1.00152
1.00044
0.995628
0.996151
0.999478
0.999686
1.0027
0.999408
1.00158
0.998948
1.00289
0.998568
1.00053
0.999452
0.996787
1.0044
1.00176
0.998827
1.00203
0.998154
0.998679
0.999753
0.997304
1.00216
0.997322
0.997973
0.999772
1.00324
1.00072
0.998758
0.998898
0.996983
0.997115
1.00214
0.998358
0.999549
1.00418
0.996365
1.00024
0.997321
1.00218
1.00181
0.997018
1.00075
0.999714
1.00733
1.00498
1.00214
0.999829
0.999167
0.998018
1.00068
0.995906
0.993856
1.00029
0.997357
0.997067
0.999484
1.00212
0.997099
1.0025
1.00036
0.9975
0.996754
0.999769
1.00011
0.999997
0.998572
0.996008
1.00275
1.00138
1.00279
1.00526
1.00297
1.00086
0.998982
0.99958
1.00302
0.998274
1.00116
1.00155
0.994622
1.00119
1.00045
1.00139
0.999463
1.00045
0.995374
0.999693
1.00336
0.997036
0.999002
1.00325
1.00026
1.00304
0.998391
0.998164
1.00033
0.997845
0.999363
0.997182
0.99991
1.00335
0.996952
0.99632
0.998942
0.995209
1.00012
1.00075
0.998005
0.996661
1.00129
0.999622
0.999453
1.00161
1.00073
1.00215
0.999188
0.996835
0.997675
0.99527
1.00256
1.00323
0.995156
1.00112
0.994524
1.00239
0.99789
0.999701
1.00655
1.00166
0.999823
0.996382
0.997774
1.00044
1.00186
0.998734
0.99646
0.998509
0.99725
1.00126
1.00133
0.998954
1.00031
0.997609
0.999493
0.998408
0.999928
0.999957
1.00033
0.998884
0.998607
1.0033
0.999491
1.00367
0.999674
0.99953
1.00292
0.998747
1.0054
1.00541
1.00031
0.997801
0.995853
0.997919
0.998168
1.00387
0.999825
0.997052
1.00148
0.998552
1.00043
1.00157
0.995961
0.998806
1.00312
1.00258
0.998609
1.00356
1.00302
1.00094
1.00052
1.00237
1.00111
0.999408
1.00102
0.999981
1.00022
0.999763
0.999011
1.00057
0.999494
0.996945
0.993425
0.998059
1.00122
0.996353
0.999449
0.999046
0.995753
0.999352
1.00182
1.00302
0.996194
0.999455
0.997914
1.00038
0.997342
0.996928
1.00164
1.00008
0.993213
0.996043
1.00265
1.00195
0.999168
0.999037
0.999173
0.994253
0.999527
1.00279
1.00397
0.995981
1.00145
0.998086
0.997334
1.00148
0.993478
0.996087
1.00424
0.999917
1.0006
0.995283
1.0061
1.00013
1.00264
0.998798
1.00105
0.996535
1.00118
0.997911
1.00037
1.00096
0.996933
0.999324
1.0026
0.999769
0.997679
1.00756
1.00408
0.999148
0.99993
0.99653
1.00247
0.999798
1.00008
0.999877
1.00443
0.996923
1.00103
0.997238
1.00467
0.998858
1.00189
0.998767
1.00041
0.993358
0.996974
1.00212
1.00029
1.00099
1.00079
0.997241
1.00084
1.00316
0.993191
0.99627
1.00539
1.00183
1.00027
1.00304
1.00125
0.996333
1.00216
1.00718
1.00636
0.999559
1.00257
0.999698
1.00119
0.998662
0.998215
0.997608
0.998639
0.997971
1.00029
1.00314
1.00157
1.00131
1.00098
1.001
0.995493
0.999436
1.00047
0.999925
0.999802
0.997439
0.999568
1.00019
1.00111
1.00051
1.00204
1.0018
0.99832
1.00299
1.00161
1.0002
1.00016
1.00246
0.999434
0.997295
1.00008
1.00118
1.0009
1.00374
1.00264
1.00083
1.00102
1.00045
0.999075
1.00132
0.998295
0.998605
1.00205
0.999777
1.0019
0.99988
0.995022
0.999752
0.999244
1.0029
1.00128
0.994091
0.994683
0.998518
0.999686
0.9988
0.998408
0.996828
0.998213
1.00078
1.00335
0.996481
0.999258
0.997503
0.994345
1.0043
0.999749
0.99884
0.998431
1.0012
1.00127
0.998798
1.00032
1.00153
0.997343
1.00022
0.997856
1.00127
1.0077
1.00058
0.996972
0.999966
0.998552
1.00016
1.00069
1
0.998411
1.00297
0.996404
0.999836
0.995424
0.999552
0.999424
1.00028
1.00025
1.00093
0.998377
0.994976
0.995847
1.00013
0.997845
0.998623
0.998212
0.998092
1.00215
0.997469
1.00159
1.00213
0.997435
1.00445
1.00173
0.998284
0.997518
1.00023
0.994752
1.00064
0.99657
0.998153
0.995534
1.0069
0.998869
1.00041
1.00121
1.00019
0.999187
0.996261
1
0.999434
1.00035
1.00223
1.00066
1.00066
1.00156
0.998369
1.00275
0.996934
1.00285
1.00187
0.996723
1.00282
1.00011
1.00012
0.995175
1.00175
0.995375
1.00262
1.00079
1.00186
0.998718
1.00283
0.994582
1.00197
1
0.999438
1.00213
1.0016
0.998711
0.999599
0.997411
0.998155
0.99545
1.00244
0.99948
1.00349
0.999757
0.998957
0.997449
0.998576
0.999692
0.997982
1.00124
1.00386
1.00272
1.00046
0.99745
1.00158
0.999528
1.00011
1.00116
0.99935
0.999527
0.998728
1.00044
1.00087
1.00224
0.99492
0.998335
1.00103
0.998903
1.00166
1.00126
1.00389
1.00048
1.00103
0.998667
1.00005
1.00139
0.995
1.00215
1.00062
1.00025
0.998666
1.00176
0.998007
0.997407
0.999808
1.00246
1.00339
1.00334
1.00338
1.00061
1.00313
1.00396
1.0012
0.999623
1.00441
1.00156
1.00276
0.995694
1.0016
1.00255
1.0038
0.996931
0.99959
1.00033
1.00416
0.999318
0.999385
0.9992
1.00386
0.999035
1.00135
0.998656
1.00078
0.999742
0.999358
0.998829
0.998827
1.00064
1.0008
0.995644
1.00007
1.00161
1.00047
0.99863
1.00338
1.00306
1.0005
1.0004
1.00067
1.00049
0.999757
1.0017
0.999323
0.996276
1.0009
0.998319
0.997209
1.00391
0.996343
0.994649
1.00437
0.999202
1.0008
1.00127
0.999618
1.00222
1.00088
0.995967
1.00238
1.00063
0.999872
1.0009
0.995073
0.996753
1.00258
0.999869
1.00443
0.998818
0.99899
1.00729
1.00185
0.997589
0.996078
0.999327
0.997691
1.00199
0.997889
1.00422
1.00186
0.998159
0.998324
1.00238
1.00304
1.00085
1.00237
1.00081
1.00188
1.00383
1.00301
1.00157
0.997445
1.00377
1.00272
0.997857
1.00047
1.00162
1.00196
0.997676
0.990521
0.999156
0.998546
1.00164
1.00104
1.00046
1.00219
0.993502
1.00273
0.997422
0.998854
1.00067
0.997799
0.998179
0.999433
0.994676
0.998341
1.0033
1.00126
1.00124
1.00272
1.00022
0.99678
0.998982
0.998607
1.00044
0.996384
1.00032
0.996633
1.00138
0.993879
1.00065
0.997651
1.00166
1.00308
0.996611
0.999649
0.999507
1.00225
0.994173
0.99917
1.00344
0.995798
1.00243
1.00072
0.999501
1.00306
0.998931
0.999507
0.998977
1.00052
1.00045
1.00268
0.996375
1.00416
0.995051
0.999204
1.0037
1.00036
1.0022
1.00054
1.00128
0.994891
0.993808
0.999204
0.99963
0.998107
0.998917
1.00127
1.00184
0.996645
0.998644
1.00226
0.998384
0.997047
1.00429
0.999698
1.00197
1.00151
0.998775
0.999906
1.00431
1.00761
0.999551
0.994194
1.00322
0.999506
0.999407
1.00403
0.994853
0.997613
1.00072
0.998976
0.999858
0.994261
0.999196
0.997444
0.997857
0.998793
0.99979
1.00128
0.997609
1.00249
0.999137
0.99917
0.996129
1.001
0.99923
0.995284
1.00037
0.998539
0.997566
0.996845
1.00312
0.994221
0.998471
1.00001
0.997271
1.00125
0.99925
1.00193
1.00168
0.998078
1.00066
0.999542
0.998832
0.996834
1.00149
1.00181
0.999813
0.999783
0.997282
1.00344
0.997281
0.9962
1.002
1.00095
0.998918
1.00102
1.00151
0.998537
1.00488
0.999661
0.998372
1.00212
1.00094
1.00272
0.996194
0.997032
1.00124
0.998311
0.995475
1.00346
0.999473
0.999549
1.00066
0.996846
0.997423
1.00238
0.999441
0.993792
1.00025
1.00057
0.998338
1.00507
1.00068
0.998166
0.997261
1.00064
0.998064
1.00383
1.00067
1.00111
1.00114
1.00048
1.00195
0.995511
0.998099
1.00106
1.00098
1.00083
0.99929
0.996606
1.00201
1.00336
1.00222
1.0045
1.00163
1.00251
0.995252
0.997402
1.00043
1.00077
0.996263
0.999756
0.998483
1.00112
1.00058
1.00083
0.999211
1.00092
1.00037
1.00356
1.00077
1.00108
1.00048
1.00138
0.999845
1.00553
0.997491
1.00312
1.00121
1.00332
1.00019
1.00122
1.00044
0.998502
0.996296
0.999596
0.995791
0.998628
0.999602
0.998604
0.997622
1.00035
1.00304
0.998294
0.997523
1.00213
0.999538
1.0009
1.00455
0.998998
1.00085
1.00061
1.00029
0.99939
0.997056
0.998893
0.999729
0.997352
0.998708
0.998679
1.00139
0.999223
0.998934
1.00057
0.995859
0.999257
0.996334
1.00016
0.997601
0.995776
0.997559
1.00151
1.00222
0.99647
1.00373
1.00006
0.996386
1.00146
1.00221
0.99718
1.00057
0.995552
1.00081
1.00468
1.00257
0.999089
0.998601
0.999295
1.00137
0.997815
0.998884
0.998846
1.00232
1.00074
0.996574
0.998206
1.00195
1.00697
1.00246
1.00548
0.999801
1.00357
0.999507
1.00319
1.00109
0.996572
1.00417
0.999072
1.00384
0.995949
1.00226
0.997057
0.996099
0.99549
0.998012
0.995822
1.00484
0.998359
1.00269
1.00425
0.998596
1.00183
0.999104
1.00341
1.00301
0.999321
1.0004
1.00233
1.00302
1.00075
0.999575
1.00229
0.998137
0.994603
0.99803
0.991842
0.997141
0.999493
1.00182
1.00073
1.00697
1.00392
1.00272
1.0006
0.999828
1.00007
0.999183
0.996658
0.99665
1.00059
0.999333
1.00061
1.00242
0.999638
1.00137
1.00053
0.997666
0.995831
1.00227
0.999017
0.996467
0.999848
1.0033
1.00333
0.99966
0.999873
0.998567
1.00061
1.00114
1.00169
0.999039
0.999598
1.00256
0.997265
1.0006
0.998354
1.0001
1.00144
1.00329
1.00276
1.0004
1.00292
0.999531
0.998427
0.993935
0.99934
1.00229
1.00157
0.995746
1.00035
0.999843
0.99796
0.996979
0.998275
1.00347
0.998672
0.996016
0.995667
0.999474
0.997889
1.00509
1.00377
0.999906
0.998992
0.999941
1.00116
0.998947
1.0002
0.995699
1.00001
0.999834
1.00025
0.997817
0.997282
0.999146
0.996875
1.00057
1.00297
0.997821
0.997548
0.99922
1.00235
1.00032
1.00059
1.00101
1.00156
0.998627
0.998701
0.998932
1.00234
0.995229
1.00398
1.0005
0.997455
0.999182
0.997021
0.997739
1.00439
0.9966
0.999502
1.00003
1.00159
0.999506
1.00599
1.00028
0.997879
1.001
1.00163
1.00155
0.99776
0.997352
0.997934
1.00106
1.00138
0.997522
0.999314
1.00185
1.00454
0.999606
1.00441
0.994494
1.00424
1.00098
0.998683
1.00156
1.00239
1.00149
0.999346
0.999383
1.00372
1.00382
0.999354
1.00173
1.00154
1.00249
0.99893
1.00443
1.00143
0.998816
0.999778
0.99511
1.00206
1.00025
1.00089
1.00188
1.00076
1.00444
1.00504
0.998827
0.99935
0.999048
0.997362
0.996005
0.99861
1.00025
1.00171
0.999614
1.00144
1.00095
0.997259
0.999368
1.00264
0.997163
0.998682
1.00489
0.999563
1.00118
1.00239
1.00318
0.998612
1.00198
1.00054
0.999135
1.00015
0.997775
0.994617
0.996143
1.00467
0.996859
1.00033
0.997318
1.00231
1.00211
1.00095
1.00096
0.996961
0.998
0.997508
0.99661
0.99894
0.996469
0.999649
1.00446
0.999282
0.997362
1.00349
0.999943
0.997284
1.00463
1.00073
0.999899
1.00055
0.997823
0.99966
0.997051
0.998363
1.00303
1.0004
1.0022
1.00166
0.998262
0.999447
0.997614
0.99776
1.00086
0.99915
0.997979
0.996386
1.00408
0.998695
0.996836
1.00214
1.00465
1.0008
1.00081
1.00207
1.00266
0.994229
0.996976
1.00055
1.00149
0.994726
1.00308
1.00138
0.996987
0.996888
0.999041
0.996435
0.996916
0.999112
0.997898
0.999211
0.999138
1.00124
1.00118
1.00291
1.00372
1.00082
0.998022
1.00411
1.00224
0.996887
1.00339
1.00059
1.00214
0.998246
0.997514
0.996645
1.00214
1.00186
0.999206
1.00069
1.00076
1.00217
1.00285
0.998138
0.995406
1.00418
0.996474
1.0031
1.00177
0.995592
1.00198
1.00288
1.00356
0.999132
1.00178
0.999484
0.999552
0.998994
1.00019
1.00501
1.00072
1.00074
0.997899
1.00065
0.995899
0.998944
0.996392
0.998038
1.00041
0.998326
0.996571
0.99872
0.997558
1.0015
0.999722
1.0008
1.00169
0.998202
1.00455
0.998275
1.00251
0.996885
1.00119
1.0043
1.00258
1.00314
1.00119
0.999479
1.00039
0.997372
1.00385
0.995886
0.995477
1.00296
1.00205
1.00027
0.999336
1.00096
0.996187
0.997587
1.00369
0.995039
1.0007
1.00344
1.00122
0.998441
0.996461
0.997735
1.00044
1.00098
0.996316
1.00587
1.0017
1.00628
0.996981
0.999896
1.00293
0.996524
1.00229
0.997406
0.999887
0.998522
1.00192
1.00157
0.999042
0.998382
1.00166
0.997421
1.00066
0.999283
1.00047
1.00233
1.00004
1.00247
0.999692
1.00106
1.00332
0.99965
1.00137
1.00029
1.00118
0.999029
0.995492
1.00124
1.00196
1.001
1.00446
1.00002
1.0003
0.995639
1.00164
0.997902
0.996884
1.00061
1.00484
1.00011
1.0015
1.00325
0.996653
1.00385
0.996479
1.00506
1.00311
1.0007
1.00342
0.997842
0.999683
1.00041
1.00077
1.00131
0.99882
0.999594
1.00178
0.995896
1.00445
1.00082
1.00231
1.00077
1.00206
0.995622
0.999844
1.00076
0.998293
0.999745
0.997395
0.999992
0.998661
0.999521
1.00213
0.998583
0.997207
0.999324
1.00402
1.00162
1.00214
1.00099
0.999155
1.00041
0.997785
0.998511
1.00113
0.99899
1.00255
