0.986294
0.976827
0.990947
1.00993
0.98416
1.00132
0.999011
1.02357
0.978886
1.00233
0.984798
0.981856
0.976382
0.979231
1.01767
1.01844
0.979612
0.99641
1.01633
0.955851
0.987438
0.953307
1.01803
1.05107
0.968798
0.979609
0.987703
1.01
0.969734
0.99498
1.0102
1.0075
0.981494
1.02467
0.981861
1.03062
1.00747
1.0232
1.01496
0.989883
0.967791
0.989179
1.00912
0.990201
1.05311
0.99808
0.997093
1.0417
1.02112
0.937478
0.998778
0.974856
1.00155
1.00107
0.992905
0.996618
1.00025
0.969299
0.973225
0.959852
0.97539
0.956097
1.01022
0.948647
1.01057
1.02087
1.01221
0.976005
0.970481
1.01039
0.981327
1.0156
0.976625
0.99066
1.02109
1.03383
1.00485
0.923325
1.006
0.952194
1.0005
0.981778
0.973532
0.976397
1.03
0.982384
0.957376
1.02159
1.001
0.98562
0.980646
0.997774
0.987868
0.973887
0.966428
1.00519
1.05519
1.01532
0.978995
1.00154
0.979441
1.02723
0.963494
1.02182
0.96755
0.971781
0.993368
0.991507
0.962069
1.02058
0.981632
0.993756
0.986118
0.917149
0.97765
0.9826
1.00099
1.01555
0.979881
0.979391
0.943704
1.01314
0.976531
0.974555
0.991142
1.03949
1.02855
0.997226
1.00647
0.955516
1.00608
1.0093
1.01938
0.996651
1.02731
0.929359
0.969789
1.02948
1.02317
0.992042
0.986122
1.03442
0.979599
0.979505
1.03662
1.00725
1.00168
1.01317
1.02379
1.0085
1.01281
0.99622
1.00669
1.00966
0.953167
1.0162
0.966597
0.988388
1.01631
0.989677
0.96803
0.965571
1.04358
0.974335
0.991813
1.02077
0.978206
1.0246
0.984253
1.01138
0.981874
1.00177
1.03977
0.98444
1.03988
1.0055
1.02344
1.0077
1.0191
1.03236
1.00843
1.03356
0.998329
0.993027
0.971938
0.992817
1.02233
1.01783
1.02433
0.972904
1.02406
1.02502
1.01072
1.00509
1.00241
0.96395
1.00059
0.99234
1.01959
1.00175
0.959948
1.02212
1.06892
1.04012
1.01671
1.02898
1.00917
0.959821
0.986763
1.00031
1.03063
1.00392
1.00208
1.0205
0.971401
1.01116
0.995657
0.972337
0.963527
1.00401
1.01498
1.00127
1.01122
0.985843
1.02956
0.979659
0.992284
0.99458
1.00334
1.04091
1.0471
1.01606
0.994959
0.990177
1.02578
1.01517
1.04301
0.978789
1.01103
1.00569
1.02238
0.995759
0.987411
0.998345
1.00924
0.999335
1.05426
1.02619
0.946593
1.01541
0.964177
1.03617
0.981437
1.0032
0.973748
1.01123
1.03688
1.01845
1.00018
0.996231
0.959325
0.9824
1.00657
1.02182
0.984762
1.01175
0.993548
0.993624
1.01628
1.01246
0.985182
1.00702
1.03299
1.00333
0.96429
1.02544
0.975272
1.0219
1.01218
0.986359
1.043
0.98498
1.01304
0.967195
1.00095
1.01905
1.02611
0.964507
0.978029
0.983372
0.998041
0.973214
1.0152
0.951618
1.0194
0.948212
0.978506
0.991384
0.97131
1.02538
0.939794
0.984473
1.01676
1.02726
0.951251
0.97981
0.974886
0.975304
1.00229
1.04098
1.01314
0.979995
1.00542
1.01565
1.01058
0.997251
0.984313
1.03863
0.943206
0.950062
0.995592
1.00015
1.01005
0.975094
1.03568
1.02133
1.05555
0.983314
1.00484
0.994034
0.988902
0.980076
1.02978
0.988853
0.98643
0.981204
1.02346
0.984105
0.980556
0.961139
0.959334
0.962138
0.9902
0.993786
0.982554
1.01501
0.987273
0.979878
0.938444
0.996639
0.989706
0.96805
0.968585
1.03142
1.00312
1.01741
0.972968
1.02409
0.975372
0.98124
0.997808
1.03179
1.01182
1.04472
1.01775
0.989057
1.01112
1.01138
1.0152
0.9632
0.963192
1.02002
0.990574
0.99593
0.984501
1.0274
0.959157
0.958548
0.978808
1.02545
1.02568
1.01361
1.0071
1.00807
0.996101
0.986038
0.985435
1.00621
0.98714
1.01809
0.984548
0.960916
1.00242
0.982264
1.00233
0.963425
1.00111
1.00597
1.02981
0.991187
1.00558
1.00428
0.985414
0.981783
0.97876
1.03183
0.984745
0.998946
1.0233
1.0273
0.991946
0.993763
1.0149
1.00103
1.02593
1.02847
1.03156
0.986894
1.04399
1.02195
0.97119
1.018
0.978208
0.998443
1.0162
0.97192
0.946775
0.991422
0.987433
1.03974
0.99246
1.03072
0.988829
0.999514
1.00527
1.02106
0.973787
0.987322
1.00611
1.01507
1.01269
0.976706
0.98962
1.01906
0.993503
0.996699
0.973342
0.970249
1.00278
0.981246
0.98087
0.961974
0.978208
1.01744
0.996916
1.01091
1.00192
1.02351
0.981468
0.96973
1.01186
1.00667
1.02062
0.993501
1.04608
1.00795
1.05657
1.00667
1.03077
1.00118
0.969858
0.990603
0.987929
0.994613
0.96795
0.988691
0.959649
0.990203
1.03199
0.993713
0.998942
0.993521
1.00971
1.01623
0.973825
0.976317
1.02117
1.00989
0.983113
1.00217
0.975992
0.967304
1.01885
1.0117
1.00674
0.991693
1.00723
1.00115
1.00654
1.03094
0.993661
1.0343
1.01526
0.992708
1.03674
1.0502
0.974208
0.949488
1.00784
0.977283
0.973899
0.996439
0.999468
1.00572
1.02677
1.01085
0.9976
0.97357
1.03416
1.00086
0.996565
1.0537
1.01318
1.00926
0.978699
1.00249
1.00429
1.00911
1.05514
1.04347
1.01217
0.976004
0.989983
1.01094
1.03702
1.04695
1.01892
1.00629
1.00116
0.931594
0.98403
1.00926
1.05249
0.988735
0.960095
0.994187
1.01728
1.01256
0.958609
1.00651
0.985389
1.03623
1.01134
0.999532
1.0134
1.02905
1.00235
1.02041
1.01267
0.9713
0.998715
1.03252
1.02599
0.997334
0.988717
1.00519
0.97805
1.02882
1.01889
1.01423
0.973265
0.991438
1.04082
0.978991
1.01116
0.999482
1.0373
1.01452
1.01422
1.03902
0.976643
0.989456
1.00744
0.968295
0.971076
0.994023
1.02059
1.06768
0.974258
1.02618
0.988706
1.00706
0.983816
0.971851
0.973477
0.99876
1.04747
1.0014
1.01242
1.00847
0.982504
0.98567
0.972957
0.97592
1.01536
0.990297
1.01781
0.994909
1.02383
1.01035
0.971695
0.998003
0.984797
1.01118
1.03175
0.983656
0.999072
1.02434
0.974652
0.956465
0.989332
0.99078
1.00843
0.986196
0.990607
1.01275
0.968327
1.00201
0.954199
1.00218
0.976067
0.997484
0.954998
0.973918
1.02341
1.03657
1.01303
1.00692
1.0297
0.996343
1.01018
1.00861
0.993395
1.00286
1.00081
1.03272
0.988094
1.00514
0.99076
1.02688
1.00875
1.01479
1.00742
1.02648
1.02316
0.968304
1.00101
0.950083
1.02154
0.978958
0.994971
0.971746
1.0197
1.00405
0.996313
0.970346
1.02203
1.02064
0.980921
0.986895
1.01454
1.02026
0.981208
1.00105
0.982179
1.02788
1.00186
1.02191
0.97091
1.04163
1.01431
1.00325
0.979453
1.00664
0.990184
1.01681
1.02711
1.01821
1.00074
1.00208
0.979634
0.962711
1.00455
0.997854
0.954339
1.03359
0.977349
1.01378
0.986677
1.04384
0.994374
1.03305
1.02059
1.04304
0.979177
1.00609
1.01484
0.999944
0.953699
1.01018
1.02164
1.01307
0.951679
1.03105
0.947197
1.01177
0.995016
1.02617
1.00849
0.967909
0.968097
1.00978
0.999552
1.00485
0.958637
0.97836
0.963315
1.0146
1.02817
1.00927
0.979148
0.956827
0.988591
1.01645
0.969963
0.973199
0.950087
0.973857
0.991643
0.951832
0.991068
1.00486
0.994793
0.973465
1.0087
0.976017
1.00745
1.00981
1.02569
0.960662
0.977178
1.04103
1.01437
1.05007
1.02503
1.014
0.972662
0.978871
0.998204
1.00594
0.985729
0.98008
1.01471
1.01822
0.99713
0.967386
1.01867
1.01068
1.00714
1.04303
1.04252
0.989853
0.983139
1.00018
0.981606
0.999637
1.01537
0.998865
0.948675
0.968135
1.01881
1.01277
1.00153
1.0162
0.995117
1.00892
1.01098
0.989507
0.974087
1.03501
1.01505
0.996722
1.02146
0.981452
1.03058
0.981243
0.973179
0.99937
0.992186
0.969893
0.980854
0.972355
0.999546
0.991827
0.967462
0.957453
0.983598
0.995236
1.01541
1.02393
0.996392
1.03031
1.0674
1.02912
1.03749
1.04801
0.962668
0.975711
1.03564
0.975659
0.970332
0.998301
0.978718
1.00363
0.974298
0.959261
0.976498
0.995749
0.979183
1.00105
1.01528
1.01507
0.986546
1.01172
1.01827
1.01098
0.984238
1.00472
1.00245
1.02801
0.981837
0.986086
1.03372
0.987038
1.03416
1.00318
0.974667
1.01142
1.05008
1.0484
0.990461
1.01724
0.990966
0.945028
1.03115
0.995692
1.0499
1.01433
1.04074
1.01312
1.02015
0.988937
1.00094
0.978358
1.01438
0.988591
0.997139
0.983313
0.99149
0.985849
1.03705
0.992618
1.02065
1.02775
0.972461
1.01768
0.978062
0.991886
0.999633
0.97899
0.991367
0.977618
1.03402
0.990721
0.975912
1.00866
1.02431
0.9872
1.01419
0.998848
1.00746
0.988371
0.987124
1.06647
1.01134
0.992001
1.00911
0.945253
1.02877
0.946099
0.987901
1.01491
1.00442
0.996944
1.04345
0.976123
0.998779
0.990441
1.00279
0.992059
0.977074
1.03345
1.00847
0.979373
1.01154
1.01033
1.00059
0.952626
1.01266
0.991748
1.0251
1.00484
1.01628
0.965035
0.986335
0.99914
0.965628
1.01207
0.995998
0.976007
1.03617
0.968026
1.02865
0.970785
1.01038
1.00563
1.0295
1.01872
0.989539
1.02148
0.958036
1.0251
1.00315
0.995212
0.997789
0.963622
1.01459
0.99204
0.994373
1.02452
1.02148
1.00085
1.02536
1.01065
1.01923
0.997206
0.989359
0.987005
0.996473
1.02333
0.973699
1.0086
0.988632
1.00628
0.983763
0.973446
0.992727
1.00173
1.00059
1.01011
0.982413
1.03957
0.994255
1.03974
0.972437
0.995066
1.03352
0.951131
0.930589
1.02014
1.03083
1.01273
0.991336
0.998999
0.994064
0.950257
0.973193
1.00329
1.07217
0.999176
1.03936
0.971374
0.990994
1.00981
0.979209
1.02417
0.962278
1.01723
1.0108
0.991937
1.02194
1.00594
1.04574
0.964828
0.994517
0.985554
1.03907
0.9921
1.00884
1.01596
1.00839
0.958061
0.986838
1.04797
1.05287
0.987415
0.979187
1.04171
1.0513
0.968704
0.994691
1.01804
1.00635
0.968569
1.01363
1.02063
0.994694
0.980817
0.967841
1.01525
0.988825
0.987086
1.01873
1.02056
0.996062
0.997761
1.0007
1.00815
1.00765
0.98394
1.01464
0.993981
0.96252
1.0218
0.990294
0.987362
1.01567
0.982555
0.996026
0.999295
0.983746
1.01184
0.954484
0.986233
1.03597
1.04002
0.991184
1.01917
1.00498
1.0219
0.999733
1.00976
0.985838
1.07517
1.0322
0.984663
0.980385
1.04591
1.02253
1.01472
0.979062
0.983984
1.01342
1.02957
0.984553
1.07771
1.00344
1.00987
0.988274
1.00408
0.998938
0.967524
0.982098
0.969996
0.96183
1.02746
0.983921
1.04096
0.982073
0.980657
0.987409
1.05364
0.973275
0.969996
1.04828
0.976602
1.01182
0.993159
0.974507
0.994488
0.955659
0.987403
0.985432
0.996119
0.985582
0.976788
0.986216
1.03799
0.977004
0.975466
0.975079
0.967554
0.982109
0.994664
1.02572
0.970099
0.999818
1.02386
0.936257
0.984866
0.975516
1.02067
0.956527
0.968478
1.00535
1.00803
1.00358
0.987505
1.01423
0.981741
0.982382
0.986632
0.932648
1.02839
1.01789
0.974129
1.0066
1.00002
1.02636
0.95271
1.01829
1.00743
0.992716
0.999165
1.02955
1.0227
0.990648
1.03688
0.99728
0.998134
0.995285
0.994031
0.96994
0.969102
1.00627
1.01378
0.999094
0.999648
0.98112
1.00746
1.05154
1.01579
0.963742
0.981796
0.988578
0.982391
1.0292
1.02329
1.02829
0.987983
0.996579
0.978721
1.01702
1.00369
1.01406
0.975429
1.03842
0.982952
1.01994
0.997961
1.01843
0.995718
0.989454
0.974526
1.04408
1.00838
0.996501
0.99457
0.983254
0.97968
1.01167
0.939495
0.970254
0.98975
0.980757
0.96069
0.939521
0.969136
1.02037
0.989026
0.979725
1.03519
1.01486
0.949865
0.971864
1.01035
0.998116
0.945777
0.996607
0.966215
0.972599
0.95555
0.976152
1.01489
1.05479
1.04527
0.983364
1.01226
1.06038
1.02003
0.989805
1.04
0.989128
0.968432
0.998306
0.970854
0.96282
1.03556
1.00082
0.986114
1.00703
1.01278
0.995112
1.01723
1.00638
0.986288
1.02592
0.952746
1.00558
0.935111
1.01101
1.01111
0.978996
1.04259
0.996543
0.982265
1.02062
1.01855
1.04513
1.00752
0.985501
0.967872
1.01764
0.973453
1.05113
1.03977
0.994948
0.978209
0.991933
0.963878
1.00426
1.01979
0.995979
0.99542
1.0198
0.973676
1.04322
0.995463
1.03659
1.01804
0.97604
0.999344
0.973358
1.01014
1.01076
0.957549
0.974838
1.03504
0.984835
1.02744
0.967136
0.976106
1.01491
0.983763
0.99658
0.989163
1.05464
1.00987
0.968754
0.949816
0.987898
1.02562
1.00581
1.01479
0.964142
1.03182
1.02301
0.97226
0.972736
1.01659
0.998633
1.00313
0.994793
1.03945
1.0007
1.02504
0.966426
1.00151
1.00015
0.997514
1.01816
0.978933
0.988765
0.990437
1.0259
0.975408
0.997113
0.992659
0.961402
1.04493
1.00351
1.05241
0.965509
1.02503
1.03395
0.989028
0.977415
1.00037
0.959127
0.98004
0.984281
0.972636
0.955141
1.03631
0.996314
0.981911
1.04409
1.00262
1.01291
1.01692
0.970199
0.999152
1.02093
1.01012
1.02138
1.04592
1.00779
1.05703
0.969329
0.989467
1.04502
1.03396
1.01754
1.01631
1.03059
0.957377
1.00738
0.99019
1.00143
0.966287
1.00048
0.985394
1.0058
1.00332
0.981498
0.989361
0.992774
1.01037
1.00565
0.99229
1.00945
0.958747
1.01612
0.989577
0.998457
0.99033
0.943304
0.963448
1.02197
0.992601
1.01666
1.01296
0.976876
0.996886
0.988258
1.02468
1.01636
0.989529
1.02684
0.998424
0.966412
1.00194
1.02715
1.03217
0.971154
0.99495
1.00558
1.01661
1.02977
0.967863
1.00355
0.982929
0.967093
0.993543
1.01447
1.01617
0.976858
0.996482
1.01397
0.982156
0.991476
0.987956
0.976635
0.965221
1.0134
0.960783
1.00499
0.983204
1.02508
0.994231
1.05545
0.983647
0.966481
1.05914
1.00626
1.00507
0.982708
1.00283
1.00613
0.933265
1.03417
0.995408
1.00733
1.03436
1.04119
1.02209
1.01129
1.02006
1.00942
1.01806
0.993158
1.03227
1.0237
1.00652
1.015
0.931811
0.945936
1.06442
0.976076
1.02406
0.923601
0.978827
1.01079
1.01332
0.944761
1.02433
1.06794
1.00571
0.998704
0.958294
1.00355
0.975618
0.982491
1.04248
0.995404
0.991887
1.02967
0.985764
0.993608
0.999778
1.0184
0.997358
1.02318
0.988891
1.01056
1.06507
0.972685
0.987076
1.02073
1.00665
0.985192
1.00181
0.983206
1.013
1.03925
0.993906
0.985682
1.01132
1.02262
0.989853
0.995644
1.03062
1.02015
1.00123
1.01846
0.998887
0.976543
0.982472
0.990695
1.00233
0.996826
0.996859
0.999433
0.986722
1.00615
1.00277
1.02001
0.958484
1.01762
1.02065
0.976275
1.03336
0.969673
0.967483
1.01057
0.971762
1.0339
0.969754
1.02638
1.0062
1.00529
1.00148
1.00634
0.99546
0.969883
1.01008
0.971229
1.02642
1.03977
0.966566
1.03779
1.04198
0.973075
0.994141
0.980211
1.00779
1.02204
1.03449
1.01972
1.04823
1.02464
1.01049
1.00931
0.998032
1.01766
1.01707
1.03673
1.01246
0.976491
0.981008
0.993793
0.98512
0.994041
0.989703
0.964409
1.00677
1.01511
1.02459
0.974245
1.01232
1.03293
1.02423
0.978545
0.989082
0.966706
1.01824
1.0307
0.981769
1.03013
1.00749
1.0202
0.9869
1.02081
1.02042
1.01919
1.03754
0.976849
0.960712
1.00113
0.987951
0.959728
1.00005
1.02943
1.02516
0.998092
0.975494
1.0416
1.00805
1.00289
1.0298
1.0078
1.00911
1.03979
1.04245
1.00464
1.02187
0.977207
1.00391
1.00774
0.9885
1.00347
1.02959
1.01695
1.03661
0.996684
1.04277
1.01621
1.00652
0.973256
0.9867
0.990714
0.972351
1.04131
0.973708
0.973201
0.991312
0.980204
1.00239
1.03327
1.02776
1.00829
1.04962
0.974013
1.02027
0.960696
1.00648
0.945345
0.988604
1.00824
0.994544
1.01014
0.989827
1.00722
1.00391
0.99555
0.984244
0.993884
0.996316
0.988458
0.977641
1.05275
1.01893
0.951366
1.02391
1.03953
1.03803
1.0217
1.01797
1.03423
0.951569
1.01593
0.999825
0.980882
0.99018
1.00959
1.00233
1.01156
1.03831
1.00368
0.999967
0.992933
0.962642
0.981592
0.951335
0.999109
1.00473
0.986082
0.990452
0.947303
0.986669
1.03629
1.0273
1.01262
1.0059
1.02709
0.985983
1.00603
0.988269
1.02285
1.02045
0.978208
1.02401
1.06687
0.985245
0.991074
1.01834
1.00628
0.973043
1.02132
1.01898
0.981203
0.984625
1.01035
1.03148
0.967539
0.953134
0.984419
1.01829
1.00959
1.00288
1.01749
1.02606
0.97527
1.00724
1.01102
0.992969
1.01739
0.975454
0.94216
1.0373
1.04089
0.99478
0.997849
1.00875
0.951988
1.01578
0.967679
1.03768
0.989828
0.996912
1.00502
0.999
1.00719
0.987011
0.964111
0.956822
0.964953
0.999382
1.00139
0.965546
0.958416
0.950498
0.993581
1.00467
1.00414
1.02363
0.996114
1.02324
1.01062
1.00801
0.978154
1.0048
1.02755
1.0111
0.983522
0.941978
1.0129
0.936574
0.962259
1.03241
0.989762
1.00966
1.02211
1.00017
1.02583
1.05424
0.985413
1.00349
1.03196
0.994827
1.03155
0.961837
0.985253
0.990753
0.980409
0.997155
1.01043
0.988686
1.00499
1.03156
1.02012
1.03471
1.0314
0.990598
1.06474
0.971343
1.00241
0.981846
1.02025
1.02326
1.00269
1.01038
0.972364
0.994955
0.998958
0.987293
0.976001
1.01622
1.04089
0.96546
0.989678
1.01749
1.02994
1.03117
0.959933
1.00344
1.0583
1.00086
1.01272
1.02327
1.02056
0.969125
1.00909
1.01722
0.988827
0.983528
1.00311
0.997263
1.00481
1.02804
1.00582
1.04041
1.00242
1.03111
0.986973
1.03136
0.978443
0.972263
0.994842
1.01075
1.02952
0.988892
1.03158
1.00427
1.03509
0.970508
1.0258
1.00377
0.950391
0.956305
0.972138
1.01992
0.98613
0.995328
1.00479
0.925621
0.982893
1.00395
1.00411
0.985038
1.00727
1.06265
0.99234
0.989165
1.01615
0.967126
1.02996
0.991394
0.985495
1.03399
1.02017
1.0223
0.986174
0.986433
0.962643
0.988745
0.96939
1.01149
0.977253
0.993945
1.04994
1.01024
0.964511
1.05378
1.00027
1.01947
1.01266
0.979004
0.988417
1.01268
0.981827
1.0058
1.02725
0.986638
0.979184
0.965604
0.982842
0.977894
0.98669
0.975752
0.993265
1.04423
1.00511
0.998113
1.00532
0.967957
0.987917
1.03009
1.00544
1.01068
1.03132
0.968844
0.942851
1.00547
0.998314
0.944128
0.989241
0.994612
0.959506
1.02568
0.991482
1.00956
1.01081
1.00567
1.00393
0.966872
0.986436
1.00825
0.999128
1.00969
1.01109
1.00599
1.00436
1.03363
1.00848
0.993069
1.02814
0.975142
0.982966
0.993584
0.982998
0.994709
0.985746
1.04121
0.982553
0.990097
1.01931
0.995263
0.984327
1.00721
1.04468
0.972142
1.01503
1.01733
0.983491
0.978245
1.03158
1.02869
1.05487
1.0039
0.972291
0.998665
0.981994
1.03776
0.994422
0.987367
0.969039
0.999003
0.999172
0.982503
0.952755
1.00518
1.00563
1.00787
1.05027
1.008
0.985785
1.02484
1.00273
1.01023
1.04838
0.978508
0.994985
0.985798
0.996477
1.00832
1.05785
0.969077
1.02028
1.01663
0.997217
0.955876
0.987926
1.00737
0.969289
1.03251
0.997278
0.977765
0.976901
0.970022
1.00313
1.01083
1.02772
1.00594
0.985609
0.996438
1.03306
1.07458
1.00073
0.982594
0.994875
1.01059
0.97179
0.979617
0.974378
0.995143
0.95879
0.965408
1.00782
0.997544
0.970183
0.995622
0.974114
1.02769
1.01058
0.973855
0.994408
0.999114
1.04359
0.969407
1.0098
1.02185
0.957572
1.0396
0.963722
0.980788
0.997156
1.04094
0.983774
0.999513
1.0059
0.997893
0.981019
1.00251
1.01963
0.996435
1.00473
1.01254
1.01461
0.992661
0.992895
0.98082
0.976578
1.01804
1.01524
0.99091
0.996326
0.957665
0.956437
1.05541
0.991064
1.01793
0.980374
1.02288
0.966466
1.03029
1.00127
0.991805
1.09612
1.00003
1.00819
0.978625
1.03733
1.02266
0.998652
0.997753
1.02337
1.02128
0.966597
1.05723
1.0454
1.00117
1.02019
0.949022
1.01278
1.01321
0.983845
1.00276
0.930219
1.00202
1.02432
0.976538
1.02203
1.01524
0.974245
1.02463
1.00879
0.997409
0.985157
0.987231
0.97422
1.0132
0.981283
1.04746
1.01247
1.05188
0.965635
0.96457
1.01817
1.00969
1.01859
0.996096
1.01917
1.00757
1.0285
1.04529
0.966605
0.996978
1.01358
1.02363
0.977675
1.00697
1.03699
0.970702
0.988576
1.01125
0.978213
1.00144
0.969958
0.97869
0.968398
0.973868
0.983182
1.05211
0.999673
1.00853
0.987266
1.01723
0.994487
1.00202
0.985508
0.97392
1.02627
0.965195
0.994677
0.991791
1.00262
0.959001
0.949762
1.00463
1.00498
1.0094
0.91708
0.956341
1.06582
0.999786
1.06096
1.00335
0.983096
0.976756
0.981821
1.01966
0.966925
1.02389
0.966847
0.95672
0.987601
1.02794
1.01318
0.972999
1.02243
1.02736
0.993148
1.00079
0.980144
0.985017
1.0084
0.997601
1.00761
1.04444
0.980825
1.00826
1.01223
1.01253
1.01657
0.968598
0.970051
1.00027
0.995598
1.00103
0.983655
1.01486
0.96698
0.97529
0.972395
0.975988
1.04931
1.0016
1.01386
0.992381
0.977199
0.967625
1.03619
0.957523
0.999686
1.03078
1.0511
0.993385
0.983685
0.977083
1.01794
1.02723
1.01086
0.974489
0.990983
1.01092
0.964479
1.00302
0.964256
1.04637
1.06915
0.984133
1.0023
1.04704
0.985941
1.00121
1.03717
0.97403
1.0119
1.00543
1.00114
0.980776
0.984836
0.991993
0.951946
1.00063
1.01046
0.998612
1.04886
1.0055
1.00627
1.01713
0.987432
0.950486
0.958205
1.00727
1.00829
1.01128
0.981103
0.970374
0.99446
0.987832
1.00703
0.994415
0.988521
1.03166
1.02635
0.997903
0.985189
0.97955
1.00115
1.00172
0.987532
1.01912
1.00196
1.01909
0.99785
0.992802
1.0429
1.00541
0.995819
1.00973
1.0126
1.01481
0.995746
1.01083
0.997409
1.00891
1.00506
0.99481
1.0074
0.995796
0.982433
0.979206
1.01965
1.00364
1.03463
0.98911
1.00062
0.993588
1.01079
1.01771
0.99816
0.993524
0.962236
0.994237
1.044
1.06433
1.00087
0.995329
0.992211
1.02987
0.947709
0.990781
1.01722
0.995513
1.00484
0.996914
0.966458
1.03251
0.98828
1.01871
0.999791
0.949137
0.99535
1.01876
0.996607
0.968762
1.00342
1.01895
0.970658
0.991982
0.994013
1.0002
1.02099
0.985252
0.974579
0.961869
1.0086
0.986751
0.941659
1.0177
1.00204
1.0353
1.01386
0.968888
1.01989
0.99196
1.00496
1.01204
0.991882
0.940232
1.01189
0.981282
1.00791
0.974011
0.934189
0.991721
1.00676
0.98046
0.987349
0.965816
1.01101
0.980977
0.973809
1.07022
1.00764
0.946022
0.977583
0.978436
1.04589
1.05121
0.979493
0.977279
0.967424
1.01743
0.992484
1.04935
0.935203
1.0475
0.979906
0.920862
1.02937
1.01851
0.994988
1.01993
1.04519
1.01881
0.993374
1.02506
1.00191
1.00644
0.993115
1.0019
0.999292
1.00285
0.970838
1.01126
0.990068
1.00123
1.01606
0.964668
0.979096
0.98993
1.00216
1.0347
1.00189
1.01212
0.997147
1.033
1.00979
0.994165
0.990373
1.02799
1.05313
0.971608
1.02063
1.04815
1.01092
0.950486
1.00797
0.993617
1.03976
0.969017
1.06092
0.989826
1.04053
1.02606
0.986142
0.991332
1.01669
1.02418
1.01088
0.999561
0.986575
1.00324
1.00298
1.00091
0.979822
1.00015
1.00034
1.02327
0.97652
0.981769
0.988086
1.02991
1.0091
0.997216
1.008
0.996231
0.972475
0.957448
1.01232
0.973715
0.972802
1.01111
0.984157
0.990831
1.00294
0.97931
1.00241
0.99086
1.01512
0.998212
0.961648
1.00282
0.968927
0.968187
0.983454
1.01239
1.01391
1.01072
1.0027
1.01522
1.01401
1.0255
0.997502
0.983291
1.00475
1.02872
1.01958
0.938976
1.03208
1.02243
1.03017
0.951069
1.02381
1.02309
1.03066
1.03136
0.987069
0.993261
0.944889
0.996609
0.973225
1.02786
0.981566
0.999237
1.01834
0.974718
1.01293
1.01282
0.984757
0.984455
1.00097
1.05128
1.00728
0.987173
1.00161
0.977262
1.00435
0.948894
1.04662
0.956613
1.05585
1.04441
0.996416
0.973952
0.98507
0.997411
0.970264
1.01913
1.00722
1.00288
0.957508
0.984685
0.957675
0.955874
1.01433
0.972912
1.0022
0.978376
1.0382
1.02717
1.0209
0.999872
0.970797
0.960831
0.992781
1.02808
1.01872
1.0296
1.00672
1.01843
1.01716
1.03452
0.998699
0.958181
1.03025
0.962141
1.01291
1.00636
1.00229
0.990947
0.958878
1.0204
0.990424
1.02129
0.965782
0.984153
0.986039
0.966458
1.02449
1.01686
1.00706
0.979572
1.01562
0.983521
0.972394
0.974588
0.987114
1.02796
1.05726
1.03843
0.972387
1.005
1.0022
0.959777
0.989419
1.01844
1.0218
1.04709
0.991023
1.02982
0.996773
0.994591
0.943169
1.00221
1.00836
0.98374
1.00526
1.01835
0.971671
0.977798
1.01385
1.00379
0.995075
1.02963
0.98359
1.02091
1.01115
0.999507
1.01301
0.98493
0.939459
0.959212
1.01127
1.02797
1.00231
1.04644
1.02366
0.973163
1.02041
0.994808
0.980755
0.982946
0.973527
1.00734
0.984551
0.941084
0.942768
0.956169
1.00596
1.00226
1.02081
0.996244
0.979229
1.02473
0.990002
1.0091
1.05934
0.94553
0.980966
0.987732
0.967622
1.03902
1.02641
1.02225
0.956171
0.998428
0.989979
0.992727
1.0162
0.998773
0.981405
0.979009
0.99685
1.015
0.977263
0.967293
0.964171
0.982385
0.991629
1.02351
1.01484
0.996938
0.989209
1.03275
1.0086
0.995333
1.0304
1.02551
1.00763
0.994424
0.981148
0.967004
0.989786
0.994055
1.02464
1.02664
0.967031
0.954874
0.962062
1.00487
0.998391
1.00892
0.967346
0.975117
1.00046
1.04462
0.973749
1.01011
1.03254
1.00765
0.960279
0.959733
1.01915
1.00329
1.00985
0.955613
0.995225
1.01288
0.97986
1.00462
0.969826
1.00378
0.970391
0.964627
0.961077
1.05301
0.957709
0.98607
1.01171
0.940451
1.04396
1.03529
1.00721
1.03026
0.986884
1.01886
1.0192
1.00886
0.95559
0.984666
1.0243
1.01592
1.01391
1.05691
1.00318
1.02441
0.993593
1.01384
1.02219
0.985695
0.995868
1.01102
0.981536
1.0184
1.05108
1.02343
1.06446
1.05815
0.95219
0.984152
1.01913
1.04803
0.997831
1.02422
0.998704
1.04771
1.00536
0.96172
0.92997
1.02149
0.996789
0.992225
0.993357
1.00452
0.980766
0.971778
1.05198
0.951941
1.01547
1.00159
0.95227
1.00687
1.01372
0.954113
0.987777
1.03557
0.970302
1.04607
0.975209
1.02116
1.02985
1.02358
1.00813
1.0243
1.00059
1.03174
1.00586
1.04329
0.988437
1.01302
0.990643
1.00133
0.975607
0.97664
0.978548
1.01902
0.992112
1.02912
0.961442
1.00744
1.00934
1.0134
0.959113
1.0302
1.00701
1.00079
0.942965
0.988529
0.985605
0.972322
0.973928
0.991484
0.958537
1.01583
0.985346
1.03662
0.982506
1.0069
1.02759
0.972906
0.99463
0.997489
1.015
1.01259
0.952602
0.986122
0.995163
1.00795
1.01351
0.977255
1.04066
1.00542
0.991689
0.967548
0.992478
1.00806
0.994698
0.985672
0.991877
1.02874
0.950343
1.00903
1.05428
1.02144
0.98176
0.996708
1.04177
1.02127
0.983597
0.96488
0.995532
0.987113
0.952205
1.00661
1.03167
1.03911
0.993936
0.999045
1.01381
1.01132
0.961478
0.986636
0.954529
0.954785
0.976712
0.980829
0.955719
1.07104
0.972252
1.01678
0.976089
1.02944
0.96373
1.03188
0.991263
0.963334
0.979452
0.965058
1.01425
0.976634
1.02219
1.01221
0.99241
0.970534
1.01818
0.964772
1.01351
1.01666
0.981354
1.00027
0.993857
1.00685
1.00031
1.02175
1.01204
1.01018
1.03877
1.00715
0.970018
1.01781
1.00998
0.970976
0.982318
0.977908
0.970739
1.01218
1.0135
0.987886
1.00263
1.01073
0.976938
0.98974
0.995505
1.00243
0.967438
1.02147
0.977596
0.994212
0.976392
0.994033
0.944192
0.999651
0.977949
1.05115
0.965727
0.977555
1.00634
1.03149
0.988496
0.968372
1.00808
0.964893
0.998011
0.940308
1.04268
1.02162
0.948761
1.00356
1.00711
1.01798
1.01679
0.978561
0.972007
1.03044
0.952747
1.03427
1.01586
0.985487
0.960143
0.983966
0.976865
0.948737
1.01617
1.02705
1.01471
1.04459
1.00275
1.01418
0.993932
1.02178
0.98893
0.99389
0.992141
1.03628
0.99595
1.0022
1.04783
0.997256
0.991895
1.01777
0.987907
1.01801
0.984068
0.99477
1.02265
0.965614
1.01988
0.990882
0.963539
0.968224
1.01974
1.02009
0.993216
1.02262
1.01444
0.977402
0.95816
1.00402
1.01743
0.959579
1.02242
0.997396
0.985433
0.998309
1.01417
0.995856
0.982598
0.991488
0.973191
1.05115
0.988765
0.959092
1.00071
1.00891
0.979215
0.986164
1.00717
1.00096
0.991985
1.02467
1.0187
1.05561
0.998127
1.0401
0.951267
1.00839
0.990141
0.984808
0.999567
0.952144
0.983242
1.03468
0.974589
0.985403
1.01214
0.969696
0.987842
0.939549
0.996157
1.01102
0.963218
0.985535
1.00245
1.027
0.999379
1.01572
1.02615
0.965617
0.981671
0.962164
1.02809
1.00961
0.992609
1.05399
1.04405
1.00854
0.986395
1.01419
1.01316
0.990116
1.00709
1.02424
1.0077
1.00419
1.01093
1.02369
0.986894
0.983777
1.00053
0.982885
1.01457
1.02524
1.00228
1.00591
1.01087
0.97984
0.992208
1.04634
1.00902
0.996278
1.03006
1.04914
0.996801
0.986475
0.978381
1.01829
1.0363
1.0267
1.06373
1.04882
0.964285
0.978277
0.992454
1.03799
0.972606
1.01164
1.00444
1.02726
1.01186
0.976435
1.01806
1.05158
1.00668
1.00908
1.02223
0.982421
1.02501
1.02987
1.00806
0.987526
0.994405
1.00263
0.97228
0.958063
0.98435
1.00825
0.986336
0.988833
1.0332
0.918821
0.983586
1.0242
1.00755
0.962163
1.02862
1.02119
1.01155
1.03756
1.01767
0.968444
0.982475
1.00969
1.00129
0.992606
0.990299
0.979471
0.930128
1.03548
1.01682
0.999555
1.00602
0.960898
1.00853
1.00883
0.999686
1.00354
1.01209
0.986999
0.997646
0.981006
1.00058
0.984999
0.989853
0.988759
0.980527
0.973185
0.985507
0.979515
1.0239
1.00118
1.0738
1.02345
1.00857
0.978019
0.952045
0.979625
1.00153
0.999025
1.01739
1.0093
1.02094
1.02526
1.02016
1.0114
0.932453
0.995968
0.979186
0.989489
1.02234
0.99118
0.981905
1.01288
1.03017
1.00224
0.977265
0.985705
0.995878
1.03107
1.00756
0.990845
1.00531
1.00934
1.01207
1.03207
1.0164
0.999237
1.00661
0.967684
0.995951
1.03897
1.04747
0.96534
1.0019
0.984522
1.0558
0.997624
1.01486
0.993112
1.01263
0.980885
1.03035
0.999222
1.01702
1.00445
0.983678
0.996824
1.04168
0.986809
1.00107
0.989563
0.980133
0.995889
0.986128
1.05233
0.978485
0.996724
1.0636
1.01843
0.981286
1.02346
0.999824
0.956369
0.98662
1.00551
1.02628
1.05585
1.01679
1.02064
0.964519
0.990313
1.00253
0.961695
1.01826
0.955217
0.993998
0.989258
0.999791
1.01272
1.0573
1.06009
0.964976
1.0407
0.969742
0.95847
0.988097
0.995599
1.03991
0.993306
0.978098
1.02521
1.02532
1.02403
1.00991
0.964023
1.0228
0.988883
0.971502
1.01082
1.02188
1.01742
1.03037
0.995516
1.01249
0.969638
1.01274
0.978199
1.02074
0.984392
1.00082
0.972075
1.00114
1.03375
1.04849
0.961423
0.950704
0.992458
1.01825
1.0129
1.04618
0.996253
1.03343
1.03479
1.01408
1.0361
1.00115
1.00367
0.984514
0.985472
0.981914
1.00873
1.02098
0.983756
1.02221
0.988999
1.00233
0.970832
0.984354
0.997853
1.01564
1.0203
0.942084
0.997292
0.989101
0.984004
1.01161
0.993498
1.01507
0.989749
0.984543
1.00868
0.966497
1.01577
1.04702
0.973182
0.984458
1.04417
1.03133
0.974738
0.97358
1.01649
1.00551
1.00089
1.01258
1.00957
1.04457
0.95649
0.950942
0.970644
1.01949
0.981805
0.960795
0.996045
0.979443
1.03172
0.959451
0.945483
1.0385
1.03185
0.972707
0.980404
1.04157
1.0084
0.961692
1.01721
0.984885
1.01358
0.981395
1.02116
0.977248
1.01098
1.0341
0.985064
1.04295
0.996367
0.993295
0.980843
0.997148
1.01886
0.995792
1.00921
1.03235
0.995155
1.00082
1.01039
0.986039
1.03219
0.975362
0.989982
1.00017
1.05612
1.00095
0.977422
1.03856
0.958829
1.00541
0.994574
0.963842
1.01642
0.97797
1.03815
0.979404
1.03593
1.00614
0.980614
0.946104
0.971391
0.986122
0.963739
1.00849
0.968946
0.949156
0.966513
1.0215
1.04675
0.999838
1.00516
1.03094
0.972435
1.03139
0.998847
0.996835
0.985749
1.01377
1.00043
0.945958
0.997201
0.96976
1.00617
1.03195
0.994108
1.00739
1.00353
1.05811
1.00194
1.05692
0.980523
1.0224
0.986839
1.00268
0.945119
1.01444
1.02766
0.992309
1.00872
0.983693
0.976763
1.01668
1.0282
1.0567
0.992438
1.02387
0.960968
1.00778
0.982625
0.988262
0.993238
0.973855
1.00219
1.01038
0.986971
0.983427
1.00695
0.962598
1.0234
0.988704
0.981067
0.977218
0.969236
0.985692
1.04411
1.06081
1.00332
1.02434
0.977225
1.02336
0.963718
1.00993
0.975465
1.00849
1.03624
0.983104
1.02413
1.01264
1.00024
0.979763
1.05065
1.00683
0.976481
1.00046
1.0188
0.977318
1.03428
1.0312
1.02392
1.01021
1.02229
1.02344
0.99189
1.0085
0.978681
0.999109
0.993329
0.970704
1.02388
1.015
1.02466
0.973962
0.979047
1.06223
1.02495
1.00483
0.997864
0.995975
0.987674
0.981934
1.01162
0.976173
1.00286
0.992768
1.01873
0.967644
0.979725
1.0171
0.955278
1.02141
0.986697
1.03489
1.01778
1.00943
0.999022
0.968195
1.01456
1.03121
0.954113
0.995699
0.997344
0.989828
0.993794
1.01862
0.980979
0.996703
0.957448
0.998806
0.969876
1.03453
1.03742
1.01166
0.984776
1.01644
1.0249
1.03976
1.00524
0.969815
0.977798
1.00215
0.966376
0.983256
0.994258
1.02766
1.01356
0.985665
0.982965
0.959097
0.979697
1.00342
0.962359
1.0005
1.00216
1.00217
1.00941
0.99614
1.03524
0.996198
0.969651
0.990045
1.00303
0.998963
0.98762
0.971469
0.970625
1.03518
0.989974
0.951757
0.990771
0.996716
0.99648
0.990414
0.996682
1.00755
0.983094
0.972451
1.04147
1.00265
0.980138
0.970052
0.995591
1.00399
1.00043
1.02287
0.999759
0.98575
1.04895
1.01439
0.975808
0.978157
1.01906
0.940606
0.993948
1.03685
0.988867
0.976801
1.00538
0.973633
1.0321
1.00765
0.997643
1.01901
1.0381
0.994711
0.967317
1.0225
0.987868
1.00357
0.997959
0.981842
1.02704
0.969922
0.953025
1.01459
1.00967
0.95799
1.01441
1.03854
0.99248
0.987186
1.01663
1.00866
0.977221
0.958106
1.02646
0.990069
0.974485
0.999909
1.04916
0.945748
1.01704
1.03601
0.995063
0.991597
1.00463
0.971106
1.00235
0.982331
1.02432
0.990239
1.02001
0.976094
0.968448
0.964907
1.01316
1.04064
0.99913
1.03526
0.994302
0.978303
1.01912
1.03126
1.01921
0.977893
1.01626
0.983181
0.999531
0.984491
0.957732
1.03685
0.97088
1.01002
0.998196
0.993431
1.03374
0.989619
1.00156
0.992708
0.998791
0.974136
0.960199
1.035
1.00566
1.02077
1.01477
1.0407
1.04361
1.00214
0.990334
0.995451
1.01413
1.02149
0.990407
1.00404
0.964072
1.02867
0.986801
1.00783
1.01742
1.01473
1.01844
0.994792
0.993347
0.974884
1.01285
0.9662
1.02659
0.958447
0.988963
0.946183
0.969794
0.999695
1.01348
0.994841
0.996648
1.02551
0.998777
0.99891
0.99395
1.01279
1.01453
1.00326
0.958031
0.963982
0.982623
0.988814
1.03192
1.02887
0.979545
1.03135
1.01749
1.00467
0.987733
1.05226
0.997236
0.976071
1.01569
0.951645
1.02838
0.999068
1.00506
1.0213
1.01007
0.999328
1.02093
1.00263
1.00406
1.00627
1.02476
1.02497
1.01313
1.01257
1.00202
0.994166
1.03334
1.01305
0.982293
1.00354
1.00144
1.04731
0.970265
0.980454
0.987376
0.985973
0.947324
1.00562
0.964019
0.967612
1.03744
0.996105
0.983945
0.983636
0.996625
1.0102
1.04472
1.01865
1.04244
0.964834
0.987855
0.973374
0.98619
1.01402
1.02875
1.00061
1.00353
0.99091
1.00951
1.01296
1.00308
0.994953
0.974853
0.981725
1.05397
1.01029
1.04409
0.986848
0.979256
1.03481
1.00338
0.959927
1.01091
0.966705
0.993137
1.03361
1.00356
1.02825
0.991978
1.04319
0.986221
0.960026
0.985592
1.02661
0.936414
0.95197
1.03898
1.03262
0.937688
0.996537
0.949197
0.986013
0.976685
0.984612
1.02252
0.997916
0.989411
0.993351
0.993754
0.941587
0.975277
0.97134
1.01226
0.994367
1.06063
1.03376
1.03108
0.99858
0.993324
0.974423
1.00139
0.990836
0.971665
0.993439
0.986147
1.00019
1.02736
1.00641
0.99276
0.992113
0.988173
0.973513
1.02764
1.00236
1.02312
0.9897
1.02075
0.980488
1.05402
1.00675
0.973344
1.01834
1.01782
1.00484
1.01626
1.01572
0.983555
1.0228
1.04424
0.972992
0.995838
1.00918
0.986698
1.00285
0.994013
0.969163
1.01097
1.00092
1.02281
0.965543
0.970959
1.00192
1.03194
1.00896
1.0139
0.969323
1.01933
0.99969
1.01077
1.01258
1.01773
1.04194
0.997338
0.985572
1.01349
0.978454
1.00464
1.03133
1.01973
1.05508
1.02924
0.980047
0.985526
1.00818
0.969704
1.02599
1.01031
1.00639
1.01745
0.979017
0.990738
1.02959
0.975485
0.976499
0.971057
1.03391
0.99627
1.05976
0.99994
0.963236
0.953121
1.00551
1.04456
1.05215
1.02078
0.958095
1.00518
0.969986
0.99562
0.975402
1.00002
0.966629
1.01438
1.03216
1.00961
1.02595
0.984756
0.983915
0.997555
1.01953
0.978899
0.978737
0.991999
0.942625
0.992732
1.00104
0.991339
1.00105
0.996344
1.01249
0.996659
0.922571
1.0521
1.02072
0.953908
1.01396
1.04083
0.966849
1.01187
0.944893
1.03869
1.00916
0.97663
0.996515
0.996182
0.996818
1.01672
0.977631
1.02021
1.0386
0.999221
0.957452
0.963228
1.00688
1.05112
1.00175
1.0121
0.998937
0.974105
1.04473
1.0402
0.989527
1.01833
1.05035
0.991795
1.04973
1.0342
1.01664
1.03777
1.01689
0.963881
1.01131
1.03718
1.00325
1.0088
1.03221
1.01467
0.982139
0.987946
0.935545
0.996232
0.986904
1.00864
1.0001
0.969517
1.0258
0.995289
1.03301
0.996203
0.966881
0.9889
1.02379
1.00708
1.00556
1.03145
1.00751
1.01109
1.02135
0.97
1.03913
1.00433
0.973236
0.99894
0.953804
0.96649
0.984266
0.962278
1.02528
0.993615
0.979357
0.983176
1.01344
1.01783
1.03541
1.02185
1.01714
1.0065
0.973535
1.03688
0.993871
1.0229
0.98975
0.995632
0.996099
0.971806
0.965572
0.962312
0.992539
0.967253
0.971251
1.0304
0.998418
1.01333
1.00169
1.01951
0.952968
0.970506
0.995912
0.994197
1.08112
1.01347
0.986842
1.05409
0.970541
1.02883
0.983351
1.0609
0.960459
1.01092
0.999404
0.95947
0.974624
0.995009
0.994845
0.983304
0.951006
1.04134
1.04748
0.996626
1.01051
1.01794
1.00198
0.995393
0.987524
1.04626
1.03821
0.988441
0.963559
0.970445
0.981783
1.05434
1.01811
1.01317
1.00428
1.00446
1.0311
0.994796
1.02304
1.02089
0.993582
0.990523
0.99624
0.984573
0.976982
1.02124
1.0229
0.970226
1.09299
1.0211
1.00682
0.984565
0.99424
1.02379
1.00823
0.994865
1.00913
0.988091
1.00233
0.977678
0.952058
0.97462
1.00305
1.03663
1.03572
0.969959
0.988716
1.00027
1.02301
1.00165
1.00922
1.0614
1.01073
1.02208
1.0364
1.02209
1.03358
0.992803
0.932708
0.969735
1.00275
0.966936
1.00495
0.978013
0.997003
0.990771
1.01338
1.00773
0.967544
0.978408
0.995058
0.989195
0.993225
0.986426
1.02372
1.02892
1.0128
0.99753
0.983481
0.979209
0.99752
1.03528
0.998389
0.992403
0.993162
0.990557
1.015
1.06029
1.03553
1.02645
0.975089
1.02447
1.02579
0.982979
1.01252
1.0228
0.99678
0.973858
1.03624
0.986877
1.03294
0.978957
1.03099
1.01254
0.974378
1.03426
0.984767
0.957061
1.01445
0.999303
0.980461
1.00961
0.985517
1.00413
1.0054
0.965833
1.03481
1.02619
0.993606
1.02169
0.984438
1.01428
0.983874
0.980019
1.04641
1.04051
1.01137
0.997069
0.980678
1.04005
1.03694
0.981825
0.977708
0.98453
1.06152
0.977363
1.01694
1.03356
1.02059
0.959117
0.960346
1.03914
1.00003
1.00899
0.988832
0.953941
0.997633
1.02085
0.980636
1.01559
0.99502
1.01069
1.00083
0.983814
1.01872
1.0127
0.998631
0.999845
0.998904
0.985627
1.04311
1.02144
1.01509
1.03583
1.02
0.984718
1.01369
1.00404
1.00138
1.00815
1.02824
1.05152
1.0403
0.968085
1.00566
0.99845
1.00081
1.02045
0.975808
1.00863
1.00777
1.04329
0.988108
1.00556
1.00429
0.968815
1.02285
0.97167
0.987652
0.979566
1.00316
1.06713
0.991746
0.995161
1.04324
1.04874
0.961279
0.985095
1.0347
0.990455
0.955921
1.02084
1.01332
1.0229
1.04084
0.9926
0.993443
1.04788
1.03326
0.994513
0.989538
1.00945
0.999123
0.993589
1.01516
1.02449
0.976295
1.00279
1.00273
1.00889
1.0155
0.990724
1.01532
0.999537
0.963203
1.01611
0.985082
1.04413
1.05601
0.993873
0.979502
1.03961
0.998201
1.00113
0.979972
1.01615
1.01047
1.01304
0.991881
1.04681
1.00518
1.00323
1.00176
1.029
0.988995
0.973629
1.02594
1.02225
0.992966
0.993878
1.03347
1.00657
0.968441
0.972306
1.00215
1.00386
0.995743
0.997709
0.975388
1.00836
0.947241
0.998178
1.01375
1.00808
0.988994
0.946276
1.01824
1.03014
1.00296
1.03638
1.00792
0.978536
0.989475
0.996867
1.00904
1.01909
1.00411
1.00021
1.00156
0.982816
0.981486
1.01436
1.00218
0.968356
1.06173
1.02274
0.986989
0.99104
1.02101
1.02168
1.0157
1.04159
1.00055
1.00099
0.974242
0.999569
1.07056
1.01279
1.05781
0.992216
0.976364
0.971658
1.0239
1.01607
1.00306
1.01932
1.00632
1.02744
1.00144
1.00863
0.99463
1.01698
1.03252
1.01587
1.00284
1.01706
1.00966
0.957155
1.0173
1.01633
1.02065
1.01294
0.992618
0.999649
0.985451
1.03608
1.00384
0.950462
0.968358
1.03919
1.02522
0.993662
1.03051
1.01541
1.00655
0.991859
1.00998
0.985081
0.998365
0.981116
1.02717
0.985863
0.979892
0.975065
1.06161
0.987016
0.998795
0.958049
1.0329
1.00598
0.970609
1.05021
1.03744
0.947774
0.973525
0.999655
1.03576
1.00607
1.03257
1.02258
1.0183
1.04114
0.989464
1.05022
0.994963
0.94483
1.02579
1.00141
0.966274
0.987616
1.03244
0.97799
1.02044
0.995625
0.997469
0.973191
1.02756
1.02744
1.01938
0.986355
1.00552
0.996016
0.983622
0.985042
1.0172
1.03766
1.01914
1.03574
1.05566
1.0151
1.0237
1.0026
0.97707
0.980854
0.998792
0.981751
0.9761
0.998743
0.98192
0.990816
1.00526
0.999877
0.9966
1.05474
0.986286
0.969243
1.01462
1.03004
1.01821
1.03957
0.948029
0.987013
0.939593
1.01602
1.00476
1.01493
1.05179
1.01206
0.949301
1.02053
1.0595
1.0196
0.984558
1.01782
0.962567
0.972832
1.01771
1.0271
1.02185
0.978661
0.983295
1.01711
0.976659
0.961591
1.05296
0.99605
1.0196
1.00916
0.96602
0.998367
0.987002
1.0111
1.00174
1.01094
0.965025
1.04253
0.991753
1.01776
0.996367
1.01343
0.978671
1.0043
0.98539
1.03658
1.05593
1.01709
1.04203
1.01049
1.00253
1.01398
0.990481
1.02608
0.99123
1.01916
1.02176
0.982304
0.940232
0.974467
1.04923
1.02377
0.994955
1.03188
1.04482
1.05908
1.00252
0.988864
0.979718
0.986573
0.97684
0.984153
1.01431
0.988888
0.999793
0.990355
1.03815
0.99655
1.00479
0.991471
1.0197
1.04514
0.966739
0.994664
0.91045
0.996699
1.01302
0.952579
0.955621
0.983496
1.00489
0.990816
0.989122
1.02296
1.00607
1.04366
1.00378
0.951368
0.973919
0.959526
1.00164
0.96704
0.962036
0.998428
0.997325
0.99904
0.97471
1.00645
0.977246
0.99988
0.968458
0.972652
1.03507
0.968928
1.01266
0.980959
0.993935
0.974578
0.989004
0.963254
0.946413
1.03834
1.02016
1.01553
1.01666
1.02501
1.01612
0.976952
1.01121
0.995429
1.01452
1.00276
1.00852
1.00576
0.974578
1.00184
0.982785
1.04027
0.954592
0.994991
1.01027
1.01149
1.02437
0.985432
1.00647
0.998797
0.976607
1.01664
0.997631
0.939068
1.0089
1.0096
1.00847
1.02954
1.03248
1.01173
1.01587
1.01858
0.991238
1.00153
1.00082
1.0007
0.999892
1.01995
0.977513
0.9804
1.00671
0.971951
1.00608
0.994855
0.984275
1.01859
0.998981
1.01347
1.0252
1.01732
1.01764
1.00055
1.05172
1.00999
1.02895
0.994315
1.01459
0.99011
1.02082
1.00614
0.983726
0.984745
0.966977
0.971139
0.987337
0.991145
1.02874
0.95327
0.972259
0.999156
0.976081
1.04191
1.01022
0.96722
0.94889
0.99885
0.984419
1.036
0.962079
0.982886
0.987343
0.950272
0.994554
0.993982
0.99969
1.03735
0.97488
1.00107
0.997453
0.989778
1.02753
0.989783
0.989456
0.942562
1.00219
1.0268
0.986595
1.02761
0.966412
1.01147
0.98352
0.987992
1.03126
1.02218
0.995518
1.01775
1.00675
1.00384
1.0346
1.03912
1.00607
1.01945
1.01916
0.998727
0.972604
1.00742
0.994167
1.03126
0.959621
1.00874
1.00647
0.976079
1.0129
1.04321
0.968395
1.03084
0.97727
0.968355
0.994962
0.992727
1.01347
0.996154
0.976096
0.983005
1.00775
1.0432
1.02382
1.01033
1.02493
1.03581
1.05025
1.03373
1.01371
0.982293
0.973174
1.03046
1.03405
0.98461
0.981726
0.977277
0.997191
1.03441
0.988554
1.01563
1.04306
0.992168
0.965442
0.987342
1.00155
1.0065
0.965451
1.02464
1.03309
1.00537
1.04482
1.00121
0.96262
0.965434
0.986713
1.00115
0.977475
0.991539
0.991565
0.98825
0.970807
0.99973
1.03602
0.976837
1.00465
1.01593
0.980305
1.01936
0.998018
1.03963
1.01705
1.02596
0.972067
1.01659
1.01252
1.02138
0.987661
0.94693
1.03135
0.986253
0.977411
1.02137
1.0043
0.975637
0.967556
1.00451
1.00302
1.01992
0.99595
0.985645
0.976779
0.953323
1.0322
1.00755
1.028
1.00695
1.0395
0.995766
1.03462
1.02183
1.00506
0.99949
1.0112
0.961057
0.99006
0.967886
0.94002
1.00123
0.986448
1.0166
0.980808
1.03376
0.985244
0.993332
0.994637
1.00462
0.959464
1.00298
1.00175
1.03428
0.9754
0.956105
0.958483
1.01893
0.982668
1.05396
0.991466
0.972329
0.987774
1.01779
1.01625
1.0158
0.999502
0.967307
1.02555
0.94582
1.01458
0.946723
0.987664
0.987188
0.960056
0.985394
0.970366
1.02199
0.968847
1.00478
0.962679
1.00109
1.00855
1.0065
0.956989
0.978215
1.03062
0.990603
1.01042
0.9478
0.979884
0.991686
0.9955
0.975957
0.985444
1.01757
1.01846
1.0006
1.00285
0.989829
1.0121
0.997364
0.998123
0.973494
1.02641
0.979705
0.993149
1.01418
0.976026
0.995858
1.04105
0.979271
1.02231
0.983918
0.952943
1.00645
0.956155
1.00001
1.01681
0.968169
1.00546
1.00944
0.97823
0.939774
0.973192
1.04519
1.02557
0.958711
0.971102
0.99406
1.03762
1.00935
0.991467
1.03243
1.00361
1.00945
1.03874
0.985208
0.985433
1.00431
0.989694
1.03333
1.05326
1.00581
1.03001
0.975774
1.01443
0.983609
0.966553
0.996836
0.957955
0.968381
1.02313
0.973355
1.00446
0.991676
1.00719
1.00824
1.03004
1.01615
1.00025
0.995683
1.0046
0.995942
1.01727
1.01276
0.988867
1.0423
1.0112
0.930502
0.965536
0.99923
0.953032
0.967376
1.00848
1.03047
0.984223
0.944265
1.02668
1.02485
0.992839
1.02361
1.02346
1.00021
0.971949
0.99798
1.02177
1.02337
1.02174
0.990217
0.965701
0.96532
1.00226
0.994302
0.97515
0.986425
0.98986
1.0259
1.02329
1.00271
0.982791
1.00143
1.01928
1.01419
1.04215
0.974373
1.01954
1.00794
1.00181
0.982752
1.0045
1.04259
1.02207
0.936096
1.02131
1.03389
1.03411
1.01751
1.0196
0.973494
1.01452
1.01546
1.00267
1.01592
1.02841
0.966901
0.975368
1.00931
0.987451
0.987957
0.986842
0.987574
0.975103
0.998577
1.04818
0.970211
0.967111
1.03125
1.02533
1.01205
0.987958
0.978259
1.0029
0.98739
1.00614
0.981724
0.972326
0.971513
1.04906
0.977182
1.05089
1.00792
0.977447
1.00016
0.98069
1.02627
0.981802
0.983301
0.990696
0.990158
1.00539
0.994107
0.998093
1.00984
0.989129
1.01916
0.996907
0.933635
1.00909
1.05828
1.0083
1.01464
0.99762
1.01229
1.00641
1.02563
0.98802
0.936023
1.02569
1.01379
1.00854
0.980748
0.959601
0.99011
0.9928
0.999563
1.00899
0.963311
0.988967
0.984538
1.00517
1.01111
0.989942
0.991877
1.01236
0.973407
1.00551
0.960957
1.01886
1.00164
0.99637
0.959299
0.961241
1.03703
0.972877
1.00083
0.973692
0.971229
0.976336
0.945923
1.01998
1.01111
0.958384
0.980885
0.967415
1.03501
0.99006
0.997143
0.966936
1.03293
0.935959
1.0314
1.00558
0.954666
1.03804
1.02046
0.984511
0.998773
1.028
0.951443
1.00253
0.986739
1.02355
0.98432
0.998398
1.04255
1.03086
0.989158
0.999905
0.972818
0.980769
1.00457
1.03118
0.960179
0.995416
0.974546
1.01633
1.03466
0.991022
1.00815
1.03335
1.02769
1.01006
0.993916
0.995628
1.00492
0.999039
1.02126
1.00789
0.96767
1.0427
0.971841
0.972029
0.99115
1.00234
0.99726
0.958629
1.00783
1.00255
1.01944
1.02632
1.02258
1.03786
0.981352
0.988043
0.987506
1.00024
1.0439
1.01388
0.998945
0.972561
1.01605
0.982938
0.978416
0.985993
1.0049
1.0212
0.99262
1.0163
0.979368
0.970799
1.02419
1.02967
1.02773
0.976271
1.06285
1.02244
1.03201
1.01651
0.999187
0.990956
1.02737
1.04146
0.959233
1.01638
1.01107
0.966952
1.00585
0.996912
0.990668
0.982341
1.01379
1.03231
0.992857
1.00765
0.972321
1.01433
1.01636
0.982903
0.972235
1.00046
1.00797
0.991352
0.978
0.993201
0.978514
0.987307
1.00787
0.98799
0.988794
1.04087
0.975876
1.00638
1.00411
1.00198
1.00454
0.965476
0.990332
0.952398
1.02667
1.0186
0.947287
1.01841
0.993108
1.01353
0.995225
0.985634
1.02364
1.0154
0.940952
1.01968
1.0203
1.03719
0.985892
1.01604
1.05413
1.00686
1.01828
0.993811
1.00768
0.99962
0.996034
1.01936
1.0279
1.00411
1.04777
0.97865
0.980863
0.969731
0.985055
1.02828
0.985491
1.02576
0.980516
0.974419
1.00749
0.959706
1.01172
0.995034
1.03918
1.00894
0.98162
1.00336
1.00378
0.968872
0.962057
1.00629
0.985431
0.994356
0.985708
1.004
1.00562
0.981202
0.984107
0.94779
1.03454
1.01809
1.00556
1.00023
0.983843
0.970193
1.02893
0.983113
0.970193
1.0084
0.992306
0.992198
1.03927
0.997259
0.984572
0.983154
0.965027
1.02103
0.942279
0.985195
1.00376
1.00861
0.951616
1.00433
0.978486
0.992029
0.948878
1.04323
1.00513
1.03099
0.987606
0.976769
1.01898
0.980326
0.964139
1.01432
0.960339
0.993268
0.988418
1.01198
0.992166
0.998371
1.01221
1.01685
0.987309
0.991135
1.00302
1.01094
1.03616
0.995199
1.00458
0.991485
0.997117
1.02862
1.00063
0.995747
0.997069
1.01393
0.983463
0.969362
0.987332
0.979996
1.03444
1.00879
0.990405
0.996188
0.950115
1.00933
1.03094
0.988008
0.987415
1.03039
1.02293
1.03037
1.01987
0.96271
1.00351
1.04902
0.997349
1.04075
1.00825
1.00113
0.978766
0.988942
1.0038
1.03655
0.9996
1.01841
1.02595
0.986242
0.980737
1.03727
0.990252
1.01037
0.979298
0.994045
1.00844
0.976908
1.02179
0.998235
1.03958
1.00926
1.01724
1.0413
1.02177
0.997611
0.946872
0.998929
0.985756
0.983081
0.97513
1.01876
0.951318
1.01992
0.980802
1.02928
1.00128
0.986184
1.01546
0.975441
1.07633
1.00062
1.0269
1.01737
1.00188
1.00988
0.968934
1.02661
0.994583
1.02849
0.99402
0.987324
0.97146
0.957532
1.01458
1.01309
0.989185
1.01112
0.9796
1.05879
1.01671
0.980924
0.974997
1.02822
1.04281
0.961969
1.00201
1.0068
0.983596
0.97111
1.03141
0.957003
0.969226
0.965455
0.958443
0.959455
1.01664
1.02343
0.987156
1.00099
1.04534
0.975263
0.979747
1.02346
0.960888
0.993316
0.979336
0.990921
1.00648
0.994476
0.992357
1.01543
0.986073
0.952465
0.985592
1.00966
0.953107
0.983052
0.983365
1.03335
1.02784
1.01186
0.991591
1.00695
0.975072
1.05426
1.0126
0.993034
1.03509
0.945469
0.974842
1.02525
0.998323
1.00179
0.997361
0.955028
0.97014
0.996036
1.01552
0.985153
0.980325
1.0216
0.977079
0.994439
1.01761
1.02502
1.01194
0.963672
0.995605
0.984431
0.983236
1.01961
0.994306
1.01594
0.985001
1.00293
0.996953
0.974767
0.95456
1.03009
1.01621
1.00086
1.00579
0.992759
0.977675
1.02721
0.993784
0.985954
1.00259
1.02008
0.965017
0.992933
0.983159
0.943883
0.98328
0.993429
0.997248
1.00897
1.03672
0.959388
1.00179
0.995138
1.04032
0.992833
0.976035
1.01135
1.01807
0.977929
0.975528
0.984793
1.02528
1.00957
0.98069
1.00425
1.01078
0.967172
1.01693
1.01795
1.04162
0.960075
1.03659
0.952099
0.961105
1.00526
0.957266
1.03003
1.0013
1.04923
0.983183
1.03455
1.0225
0.977143
1.0132
0.999726
1.01069
0.968604
1.01825
0.971317
1.06929
0.975544
0.981173
0.971611
0.994938
0.985202
1.01605
1.03889
1.01593
0.983341
1.0292
1.00464
1.01422
1.00742
1.03638
0.999664
1.03868
0.992398
0.991822
1.04746
0.997761
1.00384
1.0303
1.02289
1.02027
0.982633
0.996529
1.04661
0.980362
1.00158
1.01278
1.05099
0.97744
1.01236
1.00917
0.998613
1.01136
0.981648
0.970734
0.997594
0.982709
1.04061
0.950031
0.992765
1.02229
0.992065
1.00047
1.00727
0.971093
0.96193
0.971233
0.982226
0.980877
1.00965
0.983449
1.07858
0.995135
1.05359
0.98062
0.974364
0.985911
1.02973
0.982321
0.991284
1.02144
1.03013
0.986674
0.979909
1.02631
1.01088
0.994416
1.01735
1.02514
1.02511
0.980436
1.00834
0.999762
1.011
0.976828
0.992049
1.02747
0.978086
1.0116
1.00808
0.997681
1.02526
0.990051
1.02422
1.0299
0.997334
1.00449
0.97312
0.964853
0.980149
1.02331
1.01656
1.03257
0.99417
1.01782
1.04988
0.977353
0.992593
1.02726
0.988238
1.002
0.994293
0.983868
1.0282
0.981779
1.00377
1.0144
0.984467
0.991919
0.987119
1.02169
0.992725
1.00217
0.993913
0.951343
1.0115
0.993834
0.960985
1.05702
1.00686
1.01761
1.00041
1.00816
0.968405
0.99932
0.97742
0.998198
0.987593
1.01899
1.00335
1.03637
1.01986
0.997927
0.963157
0.992994
0.970663
0.993233
1.00264
1.00657
0.998233
1.00926
1.00176
1.01384
0.980665
1.00158
0.998793
0.978022
1.00483
1.02146
1.02476
0.989241
1.0645
1.02745
0.972104
0.970096
0.994637
1.01487
0.958538
0.991819
0.982496
1.03225
1.00636
0.990107
0.99114
1.02236
1.02082
0.998924
1.01423
1.03146
0.999544
1.01097
1.01318
0.98751
1.00714
1.03076
0.984884
0.976152
0.978775
0.997792
1.00287
0.95867
0.975069
1.04419
1.03724
0.990956
0.923121
0.997607
0.976743
0.991417
1.07182
0.968164
0.991476
1.04122
0.995472
1.0016
1.01479
1.04012
0.988426
0.987131
1.01881
1.01311
0.998557
1.04496
0.992651
0.940748
0.94846
1.00377
1.03791
1.00292
1.00188
0.992925
1.03839
0.954999
1.0076
1.03853
0.983125
0.936299
0.976114
1.00074
1.02302
1.0309
0.969414
0.983908
1.00319
1.01585
0.964909
0.989945
1.00061
1.00072
1.01618
1.00117
1.05107
0.965125
1.05561
1.03134
0.984592
1.01018
0.989196
0.995881
0.949637
1.01281
1.03062
1.01119
0.970016
1.00269
0.980422
1.01698
0.958255
0.992972
0.989382
0.997624
0.985335
0.983247
0.99664
0.998409
1.0084
1.02113
1.03263
0.962881
0.947605
1.03898
1.01513
1.00753
0.985789
0.978184
1.00214
1.04907
1.0147
1.01336
1.00158
1.03401
0.986763
1.02268
1.01366
0.98611
0.987652
1.02604
1.01819
1.02698
0.967128
1.00341
0.978485
1.0008
1.01873
1.00609
0.969408
0.987103
0.972729
0.968456
0.983941
1.01742
0.980533
0.987108
1.00467
1.02471
1.00551
0.990853
1.01073
0.980798
1.02222
1.0404
0.984376
1.02185
1.00384
0.994041
1.01615
1.03226
1.02701
0.995913
0.984149
0.962361
1.02285
1.04986
1.02407
0.95123
0.959461
1.0276
1.00532
0.98916
0.999484
1.0005
1.00193
1.03154
1.00757
0.981867
0.996552
0.992965
0.968937
0.967926
0.977405
0.96166
0.989232
0.969052
0.996815
0.989896
1.0573
1.01227
0.953447
0.988449
0.968204
1.02156
1.03028
0.959992
0.983133
1.04733
1.0094
1.0008
0.982544
1.00765
1.0004
0.97905
1.00989
0.996594
0.97889
0.991273
1.01697
0.97501
1.02783
0.993041
0.959629
1.00121
1.00423
0.988732
1.00833
0.986882
0.978457
1.00854
0.98976
1.02601
0.98244
1.00761
1.04576
1.01311
0.967905
1.0212
1.02002
1.02372
1.04348
1.0092
0.994989
0.994031
0.997696
1.02074
1.04257
0.977041
0.994051
1.0033
0.967231
1.00997
0.994846
1.00681
1.00117
1.00795
0.99914
0.996002
1.0306
0.983307
0.973253
1.00401
1.02019
1.02231
1.00049
0.992362
0.991027
0.962817
1.00806
1.02927
1.01758
0.993565
1.03569
0.99833
0.988982
0.991415
1.0352
1.03401
1.03692
0.95293
1.00579
1.03986
1.02081
0.999872
0.988255
1.01724
0.997208
1.03499
0.980959
1.01425
1.00372
1.01009
1.01497
1.04184
0.967164
1.00542
0.981678
1.01773
0.983883
0.994305
0.950868
1.01003
1.04186
1.00348
0.962917
1.00978
0.94373
0.962983
1.03401
0.999157
1.03244
0.986899
1.00931
1.00864
0.963881
1.02597
1.04014
0.982417
0.989391
1.02135
1.02835
0.987771
1.00409
0.969931
0.987792
0.993745
0.95022
0.958574
1.01945
1.0014
1.00836
1.01634
0.982797
0.985897
1.00674
1.05262
0.994878
0.983714
1.00873
1.01025
1.00924
0.989616
1.02008
0.983161
1.00197
1.02298
0.980577
0.974303
1.01065
1.01701
1.01358
0.97117
0.98738
1.04015
1.04353
0.994083
1.00827
1.01558
1.01039
0.971541
0.98365
1.04748
1.02764
0.99869
1.01239
0.969045
1.00728
0.992636
1.03215
0.969638
0.989305
1.07204
1.00735
0.985938
0.993733
1.03296
0.966574
0.988454
1.0058
0.995146
1.00524
0.929005
1.04013
0.987473
1.05026
0.982419
1.02694
1.01645
1.02793
0.993421
0.988151
0.975662
1.00297
1.01056
1.00697
1.00917
0.981394
1.02571
1.03651
1.00853
0.997717
0.980493
0.972343
1.00203
0.974931
0.975554
1.00853
1.00581
0.983162
1.00181
0.972425
1.00056
1.03272
0.990344
1.04572
0.988126
0.949033
0.951941
0.967566
0.964677
1.02233
1.01015
0.98909
1.02434
1.00554
0.967521
1.01974
0.981049
1.03505
0.969277
1.01062
0.998
1.02285
1.01042
1.03547
0.969718
1.01057
0.97199
1.01813
0.972891
0.974584
1.04293
0.97757
0.991355
0.977736
0.943893
1.00075
1.01244
1.02255
1.00437
0.956454
0.955001
0.984996
1.0261
1.01836
1.01609
1.03115
0.955339
0.980484
0.978707
1.01456
1.00461
1.0101
1.00474
1.00013
1.01815
1.00689
1.022
1.01859
0.987051
0.985324
0.997769
0.981959
0.990747
0.992162
0.982013
1.00393
1.02553
0.972543
0.987453
1.03327
0.990275
0.994886
0.95997
0.986784
0.992039
0.971751
0.99111
1.02794
1.03279
1.04577
1.01629
1.00401
1.04478
1.00003
1.0183
0.998853
1.01794
1.00569
1.02207
0.999817
1.00765
1.01056
1.0599
0.98699
0.961768
0.950175
0.995263
0.991404
0.981937
0.996988
1.04336
0.977367
0.99017
0.972322
1.00965
0.997652
1.03848
1.00836
1.01944
1.02025
1.00054
1.0002
0.986663
0.954008
1.0198
0.991695
1.06328
0.967625
0.999596
1.01138
1.01837
0.948357
0.954236
0.986805
1.01672
1.06377
1.04973
1.05938
1.04732
0.963619
1.04276
1.01694
1.05038
1.04688
0.978498
0.991829
0.980594
0.995871
0.961345
0.988454
0.956932
1.00051
0.991279
1.04636
1.01037
1.01243
1.02584
0.971685
0.985001
0.980099
1.00215
1.06016
0.975814
1.03013
1.03778
0.978918
0.957765
0.97034
1.07362
1.0315
0.99564
0.983824
1.02403
1.00755
0.988849
0.995612
0.99789
0.974269
1.01932
1.07566
0.988888
0.957654
0.97263
1.04004
1.00785
1.00352
1.00191
0.993705
1.01916
1.00618
1.03775
1.00099
0.990422
1.00159
1.01821
0.970007
1.00264
0.981252
1.01829
1.01487
1.02092
1.00858
1.00302
0.972294
0.984209
1.00918
1.01127
1.03754
0.985096
0.974033
0.975402
0.974773
0.990254
1.02425
0.995914
1.00969
0.986216
0.997176
0.997973
0.993211
1.00802
0.9936
1.02168
1.00195
1.03163
0.991869
0.996581
1.00115
0.997794
0.962887
1.03371
1.05562
1.03193
0.962933
0.980522
1.02136
0.974572
1.00037
1.00063
0.983449
1.00428
1.00075
1.00644
1.01785
1.00777
0.97227
0.97162
0.977563
1.03291
0.945506
1.012
1.01666
0.981235
1.00222
1.01247
1.00041
0.968907
1.0172
0.973507
0.988996
0.95313
1.00145
0.993906
0.99985
0.969195
0.993188
1.01902
0.989051
0.953518
0.95394
0.943706
0.979032
1.01318
1.03404
1.01715
1.02787
1.03325
1.04232
0.990006
1.02144
0.999593
1.00294
1.04385
1.01143
0.988078
0.992345
0.993003
1.02896
1.05546
1.02514
1.00889
1.00838
1.02187
1.0038
1.0092
0.975787
0.969005
1.00638
1.07282
0.999767
1.0036
1.0158
0.977449
1.01511
0.964293
0.96006
1.00115
0.991933
1.01735
1.03032
1.02122
0.964918
0.989089
0.991449
1.00048
1.03042
0.990976
0.968906
0.955832
0.993864
1.00331
1.01576
1.00105
0.996088
1.00217
1.00052
1.01358
1.00223
0.980878
1.02717
1.00711
0.975412
1.00999
0.976706
1.00551
0.954829
1.00405
0.995648
1.02389
1.00618
1.05899
0.95893
0.970542
1.0199
1.00028
0.959758
1.00615
1.02849
1.01955
1.01
1.02718
0.986652
0.984207
1.01712
1.01916
1.03249
0.986448
1.0109
0.983528
0.99722
1.03942
0.983781
1.03698
0.985574
1.00373
1.02898
0.992097
1.03443
0.995332
1.00326
0.969148
1.008
0.983917
0.990585
1.00521
0.989975
0.971136
0.964196
1.02643
0.998925
1.01758
0.994869
1.01055
0.998683
1.00809
0.976451
0.997842
0.981387
0.996349
1.00388
1.00112
0.992343
1.00299
0.974985
1.01472
0.990943
0.995301
0.999164
1.01055
1.00342
1.00773
1.00836
1.02731
1.00411
1.00771
1.00806
0.998938
0.955963
0.992693
0.997565
0.988271
0.988658
1.01912
1.02661
1.0048
1.02648
1.02075
1.01292
0.986637
0.998666
0.98071
1.00656
1.035
1.00387
0.995936
0.976251
0.983194
1.02255
1.01238
1.01823
0.977181
1.03381
0.97137
0.986928
0.998434
1.02542
0.987774
0.989313
0.986148
1.01211
0.990463
0.993778
1.01538
1.01544
1.0348
0.968162
0.989576
1.01025
1.04148
1.03751
0.999459
1.01233
0.92644
1.00598
0.990764
1.01234
1.01253
1.01695
1.00474
1.01369
0.981967
1.03476
0.991993
1.00622
1.0316
0.982478
0.97033
0.96738
0.937427
0.993941
1.01498
1.00016
1.02199
0.981772
0.954267
1.03007
1.01126
0.960457
0.98941
0.974393
0.965715
1.04667
0.957981
0.9809
0.994883
0.979369
0.984529
0.966566
1.04598
1.00186
1.00439
1.01849
1.03023
0.996795
1.01793
1.00143
1.0064
1.03459
1.00233
1.0202
1.0143
1.00754
0.981147
1.0134
0.964647
1.0096
0.985084
1.01416
1.0113
0.995811
1.02412
0.984738
0.955281
1.03302
1.01009
0.95877
1.03069
1.01265
1.00192
0.946371
0.994831
0.968295
0.999564
0.992134
0.995866
1.02923
0.988799
0.997365
0.960958
0.968774
1.04585
1.03758
1.02773
0.974722
1.01665
1.02287
1.05161
1.00354
1.00115
1.02047
1.00724
0.968714
1.04874
0.983468
1.01484
0.97345
1.02741
0.992468
1.04258
1.0432
0.944894
0.990009
1.04634
1.00964
0.987788
1.02242
0.955991
0.979165
1.03041
1.03062
0.98159
1.04404
1.01525
1.01193
1.03472
1.01943
0.976231
1.02191
1.00354
1.01257
0.977093
0.977581
0.986807
1.00205
1.01053
0.952018
0.981443
0.987246
0.998636
0.998136
0.975757
1.03691
0.994624
1.01129
1.00609
1.03648
0.967865
0.98005
0.971301
0.975226
1.02283
0.973002
0.982232
0.99155
0.999228
0.962416
0.994502
0.971553
1.02464
0.991456
1.01988
1.04273
1.02781
1.00691
1.02038
0.966716
1.01168
1.02775
1.01049
0.959176
0.997201
0.978322
0.971152
1.00366
1.02572
1.00685
1.02356
0.964677
1.00787
0.984141
0.957337
1.00739
0.994464
0.996564
1.01793
0.9781
1.00554
0.972877
1.01869
1.03952
1.00479
1.01341
1.01339
0.985951
1.0094
1.01248
1.01578
1.02763
1.00463
0.973571
0.990995
0.999915
1.00515
1.0126
0.980295
0.990108
1.02072
0.968031
1.06355
0.973268
1.00376
0.987511
1.03047
1.03223
0.991264
0.971475
0.960472
0.996426
0.997887
1.00105
1.01579
1.02507
1.0142
0.992312
0.954814
1.01351
1.02328
0.97322
0.993399
0.999064
0.986258
1.07021
0.94463
0.999467
0.981347
0.987773
1.06982
0.944778
1.01408
0.992365
0.966357
1.02009
1.022
1.03388
1.03053
0.978543
1.03196
1.02675
1.03933
0.99383
1.0147
1.00173
0.995767
1.02578
0.989733
1.00604
0.954285
0.985903
0.97811
1.0214
0.985339
0.985414
0.98201
1.01883
0.988664
0.97536
0.980698
0.995596
0.975013
0.995461
0.991109
0.949726
1.00711
0.952062
0.980499
0.983986
0.990062
0.945601
0.97702
0.97885
0.963862
0.990059
0.964733
1.0349
1.01152
0.986462
1.01086
0.988982
1.00723
0.990403
0.996027
1.01642
1.01499
0.99054
0.990117
0.9726
1.05016
0.967747
0.993748
0.987011
0.985694
1.0059
0.959177
1.01548
0.986363
0.946689
1.00907
1.04232
0.998987
1.00846
1.0399
0.977217
1.01386
0.996639
0.969932
0.985351
0.98984
1.01357
1.02139
0.977136
1.01864
1.00171
0.995637
1.00172
0.983098
0.991997
0.936349
1.0103
1.03525
0.993346
1.00392
0.983005
0.944887
1.0025
0.988792
0.999566
1.02828
1.00612
1.00439
1.00243
1.02634
1.00482
1.03178
1.01872
1.0139
1.01757
1.03482
0.939846
0.980336
1.00048
1.00237
0.974281
1.05807
0.990502
0.9863
0.98859
1.02261
0.981458
0.975441
0.983312
1.01702
1.01123
1.00255
0.996568
1.02195
1.00805
0.99865
0.974042
1.00081
0.989673
1.01406
1.02253
1.00201
1.04574
0.993694
1.00234
1.03104
0.979871
1.00438
1.00878
1.01029
1.03448
0.998112
1.04337
0.962073
1.02202
1.02288
0.975788
1.00475
0.971185
0.992312
0.978077
0.984015
1.03362
0.967316
1.00134
1.00987
0.970864
1.04102
0.997443
1.05253
0.998525
0.990084
0.925381
1.01826
1.01703
1.02853
1.03129
1.00684
0.965187
0.91732
1.07952
1.05039
1.01802
1.00364
0.983122
0.991045
1.00001
0.986732
0.996708
0.950334
0.969291
1.00011
0.991454
0.998802
1.0022
1.00371
1.01258
0.985702
0.962509
1.00158
1.01638
0.960384
1.01765
1.00787
0.999891
0.98822
0.981044
0.986705
0.990938
1.01411
0.980368
0.99656
1.03834
0.979304
1.04451
1.02607
0.929169
0.980142
1.0499
1.0091
1.01239
1.05953
1.0071
0.970824
0.982917
1.03932
0.997827
0.972487
0.981572
0.976974
0.987385
1.02343
0.945848
0.949368
1.03069
1.00642
1.00594
0.987296
0.978695
1.00635
0.987485
1.01976
1.0214
0.981579
0.997573
0.946143
0.989456
0.989156
0.983857
0.952673
1.00783
1.03211
1.02041
0.98478
0.986835
1.01836
1.0226
0.970985
1.00941
0.968156
0.987996
1.02495
0.987414
1.00499
0.96003
1.01608
1.01846
1.00463
0.971908
0.989107
1.01595
0.995211
1.00711
1.01952
1.0108
1.04147
0.992633
1.02102
1.0501
1.01328
1.00766
0.989466
0.974228
0.997147
0.986463
0.970169
0.990418
0.986743
0.943579
1.01914
0.94657
1.03213
1.01149
0.982739
0.966173
0.987957
0.993996
1.00251
1.03266
0.977394
1.01729
1.01198
0.97645
0.996023
0.973983
1.00008
1.01849
1.03082
0.991641
0.981866
0.97974
0.994088
0.973846
0.995007
0.957636
1.03132
1.00166
0.967571
0.973143
0.992891
1.01626
1.00661
0.981158
0.970932
0.993989
0.979462
1.04031
1.03197
0.99648
1.00482
0.968038
1.00145
0.972804
1.04062
1.00941
0.997908
1.01434
0.988065
0.964506
0.970611
1.00223
1.01821
1.02876
0.960238
1.04787
0.998147
0.997789
0.966698
0.998805
0.987461
0.970871
0.976278
0.977171
1.01776
0.989413
1.01022
0.997167
0.98983
0.985588
1.01114
1.03527
0.966664
0.97764
1.01519
1.02234
1.026
0.99469
0.968583
1.02287
1.01077
0.970518
1.06105
0.95883
0.981457
1.00137
0.984382
0.995833
0.991433
1.01478
1.04094
0.991729
0.935195
1.01556
1.02932
0.973249
0.971872
0.988157
0.978384
0.942226
0.996885
1.0348
0.972213
1.01018
0.975246
1.00206
0.994375
1.03213
1.00998
1.01881
0.98054
0.994342
1.04172
0.999033
1.05595
0.960468
1.02176
0.99167
0.982635
1.00825
1.04945
0.997339
0.993537
1.02848
0.950505
0.985071
0.981409
0.982724
0.994653
1.00747
0.967631
1.04171
0.969176
1.01099
0.958676
0.948357
0.999234
0.995689
0.945666
1.03489
0.986899
0.979667
1.02391
1.05376
0.981978
1.0151
0.975464
1.02217
0.991813
0.988518
0.970547
0.996747
1.02628
1.00956
0.995178
1.00421
0.97842
1.06147
1.02991
0.968047
1.04947
1.00112
0.975748
0.980674
1.02911
1.03477
0.976384
1.02714
0.973961
0.980222
1.01478
1.00096
0.991505
0.976882
1.02238
0.964494
0.98444
0.958514
1.02417
1.03692
1.01873
0.961885
0.983171
1.01118
0.961509
1.01506
0.944449
0.988184
0.97018
0.986809
0.990818
0.957357
1.02686
1.01387
0.992799
1.01535
1.0244
0.992892
0.991009
1.01079
1.02151
0.940065
0.993876
0.986055
0.991863
0.998716
1.00915
1.02756
1.04068
1.05002
0.95386
0.944133
0.999471
1.014
0.986793
1.02704
1.01131
1.01424
1.00096
0.988648
0.973566
0.975138
1.00203
0.976307
1.035
1.01601
0.990365
1.01791
0.966015
1.00768
0.997649
1.00071
0.993992
1.00122
1.01315
0.97697
0.990092
0.98683
1.01492
0.999154
0.978294
1.04929
1.03566
1.0138
1.01582
0.946981
0.967886
1.00081
0.99722
0.978034
0.964806
1.02535
1.02868
1.048
0.996993
0.986102
0.997357
1.00482
1.00042
0.971065
1.00299
1.00436
1.02891
1.00544
0.942414
0.927798
1.02653
0.985191
0.94525
1.01321
0.998346
1.01223
1.00852
0.972171
0.991765
1.02986
1.04891
1.03832
1.03903
1.00243
1.02587
0.95109
1.05369
1.00892
0.979739
0.985452
1.01448
0.943803
1.01048
1.02708
0.993089
0.998396
0.99658
1.01989
1.05446
1.01519
0.981326
1.00307
1.03898
1.02031
0.978729
1.02963
1.02009
1.03855
0.996132
1.01474
0.996738
1.00371
0.969778
0.979429
0.968859
0.985196
0.987169
1.02307
0.960554
1.02513
1.02286
0.979161
1.00077
0.98873
0.982232
0.992538
1.00968
1.02449
1.0136
0.960535
0.996562
1.01155
1.00424
0.996775
0.997883
0.966378
0.981219
0.967758
1.01513
0.962837
0.996829
1.00784
0.995857
0.98937
0.993159
0.996464
0.996293
0.98425
1.01407
0.991863
1.05344
1.03639
1.01283
0.991756
0.959786
1.02418
0.992859
1.00304
1.0162
1.02339
0.997977
1.00715
0.977404
1.01667
1.03827
0.963241
1.01376
1.02538
0.987481
1.02557
0.980527
0.99858
0.985994
1.05595
0.993886
1.01252
1.04286
1.00642
0.998789
1.01017
1.00444
0.980856
1.01407
1.02096
1.0585
0.974997
1.04221
1.01533
1.02993
0.991854
0.984763
0.94428
1.01061
0.933878
1.02078
1.02039
1.02622
0.988236
1.04589
1.0061
1.02392
1.006
0.99585
1.00559
1.00273
0.99357
0.997838
1.04069
1.0285
0.973556
1.05735
0.989738
0.983988
0.993515
0.983759
1.01157
0.996666
0.978335
0.990898
1.0027
0.977112
1.02304
1.00708
0.973502
1.01224
1.03912
0.976441
1.02089
0.99941
0.992655
0.937208
1.04576
1.02611
1.00062
1.03874
1.05498
0.990286
1.00875
0.966886
0.990213
0.992355
1.03156
1.00551
1.04984
0.970875
1.01844
1.00819
0.997817
1.02562
0.97458
1.00394
0.989925
1.0067
0.986189
1.00056
1.03447
1.00084
0.978815
1.00891
0.968756
1.01158
1.00518
1.0104
0.966685
0.956047
0.986365
1.01183
0.964078
0.965931
0.9773
1.01412
0.960883
0.975497
0.982546
1.02445
1.0272
1.03555
0.999625
1.04932
0.979466
1.01635
1.00975
0.991052
0.974653
1.01854
0.998277
1.00703
0.985408
1.02888
1.01274
0.986426
1.03663
0.972291
1.01755
1.01416
1.00363
0.960994
0.987415
0.985324
0.960979
1.01281
1.01876
0.938911
1.00938
0.953065
1.00444
0.988561
1.07181
0.986508
1.01817
1.04245
0.961596
1.01659
0.968757
0.977602
0.991101
1.01279
1.00723
0.972558
1.02216
1.00615
1.03107
0.972606
0.973563
1.00009
1.0193
0.992965
1.00323
1.00623
1.03059
0.996542
1.03711
1.00243
0.967564
0.934584
1.01878
0.985102
0.978851
0.976956
1.00069
0.9982
1.00199
1.01074
1.0241
0.985809
0.937344
1.0199
0.983648
1.03147
1.00166
1.03032
0.932423
0.969097
1.00354
1.04862
1.02169
1.04858
1.02547
1.01219
0.974898
1.00123
0.96867
0.989882
0.998831
1.0269
1.02122
0.978283
1.00719
0.976593
1.02093
1.03814
1.04843
0.952711
0.984883
0.986972
1.01348
1.0127
1.01213
0.990642
1.0103
1.01185
0.989442
0.989246
0.981674
0.971488
1.02073
0.991412
0.973499
1.00387
1.01158
0.965956
0.987161
1.01056
1.00364
1.01105
1.01634
0.980008
1.03699
0.985345
0.972251
0.992886
1.01135
1.04877
0.987101
1.01
0.997176
1.03958
0.982112
0.978868
0.987085
1.01083
1.0203
0.998373
1.016
0.948042
1.00995
0.980463
1.01849
0.987507
1.02734
1.00811
0.96983
1.00925
1.01854
1.0308
1.00694
1.04876
0.990855
1.04303
1.03632
0.964162
1.02609
1.00056
0.975719
0.993624
1.0115
1.02423
1.02535
0.990116
1.0241
0.983416
1.0037
1.03093
1.01107
1.01794
1.04933
1.00863
1.00215
0.998143
0.971021
1.00771
1.01028
0.995341
1.01528
1.00733
1.04622
1.0191
0.994576
1.02554
0.946638
0.9849
0.991712
1.04837
0.986146
0.999666
0.960249
0.968783
0.972595
1.02112
0.97527
1.00965
0.966632
0.964601
1.02161
1.01967
0.993717
1.01927
0.955634
1.01468
0.965717
1.00016
1.0117
1.03244
1.03793
0.967803
1.02145
1.00946
0.943128
0.984577
0.996442
0.981186
1.00095
0.993953
1.02248
0.978275
0.996001
1.02092
0.992205
0.984953
0.998792
0.997057
0.976918
0.98023
0.997604
1.01022
0.98344
1.00794
1.00132
0.999005
0.975419
1.04376
1.01171
0.983375
0.942219
0.996055
1.03038
1.00189
0.952849
1.00448
1.04324
1.03581
1.01544
1.03198
1.0396
1.02234
0.999904
1.03061
0.983139
0.997384
0.955138
1.03373
1.01126
1.01866
0.969971
0.984072
1.0261
1.00862
0.992634
1.01041
1.0136
1.0371
0.984114
1.07061
1.04015
1.01852
1.04478
0.999481
1.02401
1.0038
1.0112
1.04869
1.01023
1.02419
0.975859
0.969786
1.01656
1.00741
1.04562
1.00689
1.02048
1.01598
0.977672
0.993776
0.990986
0.955764
0.99306
0.99694
1.02965
0.982349
0.975034
1.02396
0.972017
0.995358
0.97944
1.04889
1.0061
0.977448
1.03743
1.01177
0.982536
1.00618
0.98604
0.997336
0.983523
1.02839
1.02797
0.997027
1.0067
0.969021
0.987321
0.94617
1.02389
0.978489
0.998831
0.988304
0.972451
0.960812
1.00713
1.02903
1.00132
0.973902
1.01613
0.977235
1.06116
1.06941
0.989536
1.00519
0.941514
1.03646
0.993026
1.00519
0.963091
1.06452
1.02542
1.02994
1.00417
0.991383
1.00905
0.988815
1.02646
1.00407
1.02936
0.993846
0.990344
0.942523
0.964237
0.997499
0.995727
0.97099
0.98559
0.987079
0.984447
0.943936
0.992947
0.990206
1.0249
0.998949
1.01335
1.02205
1.01757
1.03021
0.987044
0.983129
1.00001
1.02792
0.984615
0.992588
1.03249
0.979984
0.97996
1.0257
1.01228
1.03233
0.994368
0.983203
0.998414
1.01578
0.981541
1.01423
1.01684
1.00623
0.961664
1.01807
1.0121
1.04407
0.971762
1.04552
0.993871
0.989204
1.00671
0.9807
1.04618
0.981054
1.01672
0.949047
1.01887
0.962937
1.00492
1.00071
1.00333
0.997318
1.00745
0.961884
0.970807
1.01022
0.989969
0.986952
0.985332
0.983561
0.980356
0.994373
0.962257
0.990064
1.00938
0.982262
1.00232
1.00556
0.977951
1.03182
1.0175
0.956952
1.01412
1.02279
0.991402
0.955001
0.992397
0.983846
0.962033
1.00213
1.00191
1.00454
0.976963
1.0031
1.01427
1.01639
1.00691
1.00417
0.972572
1.02198
0.982103
0.999924
0.979281
1.01459
0.990192
0.964606
1.03353
0.963316
0.994621
0.959511
1.01508
0.951976
0.981326
1.01212
0.986117
0.999728
0.975553
1.01953
1.00579
0.983189
1.04525
0.984863
0.991013
0.980648
0.968223
0.955076
1.01667
0.993594
1.00799
1.01185
0.977688
0.997976
1.0007
0.991775
1.00887
0.98175
0.953896
0.970704
0.976421
1.01042
0.982668
1.04345
0.977319
1.03028
0.971726
0.984871
1.01015
1.03178
1.00836
1.00728
0.997339
0.995169
1.03025
0.95904
1.00952
1.01171
1.02055
1.02807
1.05378
0.989515
1.02065
1.02161
1.02561
0.981949
0.97283
1.05848
1.00329
0.982955
0.971664
1.00749
1.00672
0.935347
0.983723
1.02335
1.01354
1.01395
1.00582
0.994476
0.962259
0.959631
1.03123
0.998135
0.927976
0.984771
1.00223
1.0323
1.03593
0.976909
0.991265
1.00733
0.980255
1.02095
1.02069
0.997003
1.01908
1.0007
1.00308
0.983219
1.03097
1.02801
1.02621
1.01398
0.966012
1.00741
0.997966
1.01187
1.01569
1.06641
0.994484
1.02511
1.03202
0.978204
0.998968
1.04361
1.01598
0.984214
1.00801
0.961558
1.00827
0.966696
1.00826
1.02127
1.02525
1.02152
0.986186
1.042
0.998566
0.968085
0.963295
0.999203
1.00772
0.990765
0.996902
0.989618
1.02604
1.03439
1.02562
0.98472
1.01707
1.03187
1.01537
0.993865
0.993613
0.979513
0.969726
1.01551
0.999957
1.04586
0.979996
0.976709
0.986526
1.01987
0.980005
1.00529
1.02395
0.977359
0.977895
1.02415
0.918509
0.991528
0.973782
1.01955
1.00894
1.02378
0.939667
1.03713
1.02374
0.967883
1.01798
1.00331
1.01205
1.02891
0.984792
1.02134
1.00206
0.9863
1.02046
0.95791
1.01573
1.07629
1.00179
0.943696
0.977645
0.975319
0.987621
1.02414
0.971662
0.982667
0.977346
0.952042
0.998492
0.996379
1.01384
0.961495
0.979404
1.00137
1.02628
0.946146
0.995546
1.0352
0.963331
1.00849
0.980763
0.976046
1.02243
1.04368
1.00226
1.01049
1.01696
0.976617
0.995727
0.996183
0.973168
1.0199
0.997113
0.984068
0.979981
0.986646
0.995433
1.01052
1.00871
0.997736
1.03599
0.979409
0.993762
1.02413
1.00753
1.02162
1.0177
1.00549
1.0315
1.03744
1.02618
1.00535
0.998596
1.05214
0.993376
0.979301
1.07854
0.988143
1.00391
0.973135
1.01895
1.02042
0.967523
1.01635
1.0231
0.969301
0.996986
1.0067
0.959102
0.982283
0.975172
1.0196
0.999501
1.02388
0.977806
0.952096
1.02197
0.989464
1.03185
1.0269
0.994158
1.00837
1.00246
1.01203
1.00605
0.991375
0.976415
1.00157
1.00173
1.03453
0.985296
0.983263
0.999441
0.97119
0.955835
0.960378
0.964099
1.05127
0.990864
1.00676
0.989458
0.980563
0.996419
1.01445
1.01994
0.977535
1.00732
0.973675
0.996257
1.04751
1.04461
0.990642
0.998677
0.969031
0.993832
1.04041
0.955245
1.0159
0.994343
1.03647
0.97601
0.973714
0.997596
0.995129
0.985634
1.02773
0.968787
1.01395
0.965834
1.04638
1.00375
1.00391
1.01541
0.990708
0.959556
1.02698
1.03723
0.997677
0.990792
1.02132
1.03254
1.00783
0.995458
0.996837
0.968414
1.00619
1.06322
1.00488
1.00855
1.01759
1.01728
0.953393
1.025
1.05381
0.935406
0.965366
0.99646
0.979619
0.998184
1.04706
0.979434
0.983281
1.0203
1.01521
0.984865
1.00032
0.983316
0.986474
0.993976
0.978793
1.05337
0.982309
1.00605
0.992915
0.968487
0.994309
1.03971
0.98033
0.997024
0.974517
1.02498
0.979175
0.977656
0.996401
0.938151
0.949446
0.977087
0.988967
1.00523
0.96973
0.981914
0.954874
1.00922
1.00024
1.01214
0.992817
0.999422
1.0051
0.977756
0.896483
1.01832
0.993392
0.999892
0.986464
1.02616
0.978361
0.950018
0.988729
0.977462
0.970601
0.959699
1.0449
1.03844
0.987318
1.02009
1.00156
1.00001
1.02646
0.972581
1.02407
1.03096
1.00685
1.03848
0.999078
0.988778
1.01946
0.968278
1.00498
1.00495
1.05663
0.965031
1.06137
0.975435
0.980601
1.03594
0.994177
1.01588
0.983498
1.00601
1.00901
0.962737
0.998582
1.00163
0.994567
1.00081
1.00331
1.00334
0.971276
0.983558
1.00649
1.02901
0.975254
1.01538
1.03164
0.983368
0.976591
1.01834
0.959978
0.99447
1.02822
0.999513
1.03717
0.996709
1.01458
0.984555
0.988713
1.01183
0.946984
1.00496
0.971936
0.988719
0.989196
0.967733
1.01745
0.981109
1.03108
1.00792
0.995685
0.967229
0.976121
0.98009
1.01278
1.00345
1.01969
1.01448
0.994033
0.988327
0.99245
1.00371
0.972044
1.01359
0.976238
1.00514
0.994706
1.00266
0.95566
1.01429
1.00749
1.01449
0.990474
0.9661
0.99584
1.01275
1.01847
0.988171
0.952623
1.01623
1.03427
0.995232
1.02806
1.02681
0.992454
1.01714
0.942626
1.0208
1.02344
1.01849
0.998234
0.981661
1.02275
1.00126
0.974967
0.987175
0.999811
1.02756
1.01581
1.02246
1.04977
1.0077
0.995794
0.933308
1.01235
1.01544
1.01376
1.00138
1.06175
1.05955
0.986119
0.985214
0.992766
1.03984
1.01507
0.960178
1.00621
1.03806
1.02606
1.00924
0.99743
1.02581
1.00897
1.02516
1.02258
0.9999
1.01694
0.99391
0.980956
1.01193
1.00569
1.02334
1.02101
0.975276
0.98492
0.980228
1.0442
1.01092
0.9801
0.9813
0.936632
0.991123
1.00977
0.990157
1.00831
1.02442
0.958084
1.0215
0.952774
1.03882
0.955923
1.00373
0.993151
0.951449
0.989819
0.977115
0.962145
0.976878
1.01722
1.01392
0.976353
0.9966
0.996756
0.98158
0.994417
0.972651
0.98451
1.01451
0.997163
0.99034
0.981628
1.01137
0.98958
1.03096
1.04219
1.01784
0.950728
0.995719
1.05391
0.951391
1.01213
0.97867
1.01612
0.981247
1.00091
1.05602
1.02333
0.983415
1.00564
0.983993
1.03738
1.03744
1.0409
1.00141
0.995415
0.967542
1.00124
1.01659
1.02656
1.02012
1.03131
1.01515
1.00872
0.961066
1.01528
1.01715
0.972465
1.01641
0.984117
1.00636
1.03009
1.00584
1.00079
1.00912
1.02152
1.00706
0.995905
0.983969
1.00932
0.977486
0.993869
1.03369
0.996636
1.04411
0.910939
1.00403
0.992406
1.01594
1.00279
0.969322
1.00345
1.03837
1.00966
1.0118
1.01754
0.93526
1.00411
1.00861
0.955803
0.989986
0.962095
0.954851
0.992905
1.02455
1.03108
0.99747
1.0315
1.03916
1.00117
1.00937
1.00117
0.958856
0.99143
1.02996
0.998117
0.956317
1.00451
1.00418
1.03212
1.02349
1.00077
1.00285
0.999093
1.02865
0.987603
0.960834
0.974677
1.00307
0.978405
0.996638
1.00098
1.00311
0.989206
0.980846
0.977475
1.00241
1.02812
1.0358
1.00227
1.02221
1.01341
0.974087
1.03457
0.973777
1.00584
1.01575
0.962989
1.03972
1.03336
0.976278
0.967208
0.982028
0.99443
0.977411
1.0206
1.00227
1.01288
0.967736
1.00457
0.974615
1.06211
1.00239
1.0359
0.987855
0.972864
1.03222
1.02311
1.01862
0.976767
0.986744
1.04396
0.972271
1.01003
1.02046
0.994727
1.00706
1.00603
0.988153
1.00694
1.0086
1.0622
0.965847
1.01152
1.05489
1.01219
1.03828
1.00904
0.990002
0.988004
1.01339
1.01285
0.964041
0.983882
1.02684
1.03753
0.954762
0.921857
0.987101
0.992052
1.02396
1.00877
1.01906
0.964984
0.985181
1.02156
0.990539
1.01953
0.962391
0.9935
0.953159
1.01933
0.999838
0.966254
1.01616
0.970713
0.995066
1.02903
1.02296
0.958858
1.01625
1.00544
0.971597
0.9598
1.01997
1.02954
0.965897
1.01861
0.984684
0.9914
0.976501
1.04454
0.971241
0.97614
1.00859
0.990779
0.974558
1.00024
0.984608
0.983037
1.0024
0.988756
1.00136
1.02288
1.02151
0.990962
1.00471
0.993813
1.01791
1.01509
1.04001
0.976999
0.956627
1.01072
0.990349
0.994437
1.01066
1.04491
0.973598
1.03941
1.00916
0.972943
0.975044
0.988216
0.996594
1.03325
1.00377
1.03346
1.03784
1.0048
0.953454
0.982628
1.04
0.974198
1.04619
0.982068
0.966445
1.01553
1.001
1.01496
1.00203
0.937138
1.01792
1.00068
1.00525
1.02304
0.965542
0.983934
0.962402
0.989546
1.03832
0.987262
1.0152
1.00138
0.988313
0.995548
1.01167
0.944931
0.988641
0.986538
1.04474
1.01539
0.952413
1.01208
1.03248
1.03942
1.00293
0.976438
1.0084
0.968615
1.00161
0.997343
0.986541
1.0029
0.985808
0.985191
1.0159
0.945543
1.00069
1.01837
0.989811
1.03163
1.00314
0.994849
0.993143
1.05604
1.03165
1.00008
0.995928
1.02788
0.986831
1.00169
1.02854
0.959644
0.962447
0.964422
0.98004
0.99551
1.04952
1.04932
1.00357
1.00149
1.0329
0.979018
1.03171
1.03738
1.01999
1.01058
1.03727
0.967861
1.02184
1.00374
0.998084
0.991327
1.01018
1.01964
1.00228
1.01761
1.03863
0.976091
0.996814
0.993697
0.969632
1.03639
1.0159
1.02636
1.00779
0.95357
0.998896
1.02829
0.988978
1.09771
0.968063
0.992312
0.985676
1.0126
1.02145
1.01011
0.974985
0.973751
1.001
0.982666
1.02631
1.01861
0.957456
1.02216
1.00861
1.00094
0.984985
0.987502
1.02631
1.02158
0.99829
0.964709
1.01243
1.02679
0.993822
1.01719
0.9842
1.02879
1.02278
0.985083
0.975414
0.972755
0.979009
1.01672
0.99845
1.01572
1.01661
0.979723
0.981721
0.979316
0.940336
0.986592
1.06972
0.980389
0.951901
0.975515
1.01189
0.974177
1.05987
0.998238
1.05062
0.988173
1.01958
1.00451
1.00202
1.02072
0.98844
1.01222
1.02291
1.00015
1.02744
1.01127
0.972505
0.97333
0.953889
0.989871
1.01273
1.06868
0.974443
1.02462
1.01172
1.04425
0.991656
1.04605
0.977632
1.01162
0.981325
1.00865
1.01732
1.04261
0.967291
1.01193
0.995134
0.998517
1.00525
0.989563
1.04596
1.00042
1.00301
1.0067
1.00792
1.0431
0.978567
1.00296
0.979212
0.999719
1.00151
0.975095
1.00158
0.975254
0.983972
1.00464
1.0029
0.960233
0.971512
1.0254
0.972897
1.01247
1.00494
1.03248
1.0428
1.03465
1.0041
0.988453
1.0128
1.00512
0.987145
1.02436
0.998175
1.04016
0.996039
1.04427
1.02566
1.02568
0.946038
1.0167
1.00357
1.03085
1.04126
1.06462
0.980711
1.00314
1.02761
1.00118
0.987015
0.982388
0.961448
0.953069
0.981468
1.04881
0.988338
0.960921
1.01521
0.993972
0.983307
1.04629
0.991582
1.01774
1.03084
0.961905
1.00222
0.987431
0.998502
0.960777
0.951522
1.00393
1.00659
1.00673
0.993684
1.0155
1.01145
1.00204
1.02466
1.0094
1.02158
1.01725
1.00442
0.960163
1.03489
0.992722
1.01245
0.982133
0.98824
0.996644
0.981892
0.964019
1.03641
1.00952
1.02948
1.00893
0.949377
1.02964
0.995625
1.02881
1.01865
0.970958
1.00317
1.02556
1.03472
1.02923
0.966445
0.957741
0.987345
1.01533
1.00101
1.01865
1.01821
0.972912
1.06959
1.01206
0.944937
0.991734
1.03167
0.980397
0.96317
1.02126
0.997854
1.01048
0.984301
0.991405
1.02118
0.958648
0.994455
0.986154
1.02556
0.990839
1.00475
1.00982
0.991716
1.00031
1.01053
1.01488
1.00347
1.01373
0.991923
0.985045
1.00076
0.98885
0.981119
1.02103
1.02512
0.982312
1.05531
0.959874
0.965273
1.02475
1.0038
1.04444
0.978751
0.98646
0.963748
0.998045
0.972662
1.00228
0.999733
1.00094
1.08556
0.995642
0.995471
1.0029
1.0099
1.02558
1.00153
0.983302
0.99651
0.973717
0.946104
0.951181
1.03271
0.989414
0.991085
1.01296
0.963764
1.04022
1.00183
0.993588
1.01097
1.01142
0.966171
1.0535
1.03437
1.01006
0.99414
1.00416
1.01357
1.00096
0.96276
1.00329
1.01317
1.02154
0.996883
0.977671
0.964536
1.00471
1.00601
0.996935
0.977013
0.950082
1.00929
0.930873
1.01675
0.968154
1.00376
0.966471
1.04639
0.995719
0.984551
1.04824
1.01545
0.988558
0.934058
1.00567
0.961385
0.977363
1.00755
0.987232
0.99387
0.975902
0.995829
1.01148
0.976934
0.993392
0.987737
0.988976
0.99552
0.993594
0.976942
0.989551
0.983654
1.01627
1.01979
0.993327
1.00407
0.946752
0.975349
1.03855
1.04488
0.943474
1.04125
1.00538
0.973464
0.999768
1.00114
0.968619
0.960864
1.02246
0.997139
1.00731
1.03979
1.04711
1.0179
1.00396
0.996607
1.03418
1.0216
1.01938
0.989437
1.03704
0.987465
1.00425
1.02947
1.01293
0.975995
1.00197
1.00444
1.04367
0.980912
1.03716
0.965824
0.999666
1.01616
0.972897
1.00949
1.02242
0.984689
0.971306
0.975897
0.991833
0.961973
0.972356
1.03454
1.03601
1.03895
0.971235
1.0294
0.967686
1.03789
1.00163
1.0226
1.01618
0.999028
0.983129
0.991143
0.976246
0.999287
1.00049
0.994051
0.999635
0.993583
1.05438
1.03921
0.980487
0.991994
1.00919
1.01417
1.04959
1.00522
0.972989
0.994005
0.970942
1.01814
0.994534
1.00497
0.996966
1.00762
0.988375
0.998947
0.972767
1.00592
1.03929
1.0031
0.971433
1.03575
1.00863
1.00193
1.03355
1.02872
1.00841
0.956448
0.967376
0.990541
1.00069
0.987559
0.97307
0.988001
1.04514
0.951171
0.999514
0.946125
1.05883
0.979149
1.02457
0.981428
1.03738
0.986678
0.948771
1.00329
1.03549
0.996279
0.963062
1.01716
0.991217
0.999927
0.928191
0.980982
1.0053
0.986808
1.00775
1.03225
1.012
0.937744
0.94084
0.97118
0.973298
1.02474
0.987688
1.00746
0.989313
0.99203
1.01055
0.982326
1.00751
1.04469
0.977315
1.05462
1.03828
1.04106
1.01592
1.0422
0.96385
0.994969
1.00383
0.96139
1.03356
1.01947
0.991548
1.0139
1.02989
0.986906
0.998687
0.991098
0.970224
1.0082
0.966926
1.01154
0.95472
0.975019
1.00343
1.02315
0.993349
0.991418
1.0234
0.999205
0.999336
1.00584
0.97451
0.980102
0.994445
1.02301
0.979324
1.00405
1.00458
0.971897
1.0077
0.992988
0.975703
1.00353
0.976658
1.04988
0.985851
1.03173
0.998089
0.990936
1.00464
0.97882
0.972868
0.980451
0.967596
0.957751
0.977986
1.00124
1.03021
0.998553
1.00593
0.979466
1.03036
1.00364
1.02479
0.950062
0.981696
1.00667
0.992186
0.965933
0.992876
0.933067
1.02384
0.963022
1.03379
0.960309
0.979988
0.996143
1.03208
0.999914
1.01752
1.01534
1.01375
1.00954
0.988473
0.953114
1.03585
1.05976
1.007
0.968512
1.00766
1.00983
0.976471
0.999946
0.991155
0.99698
0.982271
0.976223
1.00883
1.01139
0.970375
1.00731
1.01402
0.979983
0.943604
1.00312
0.980074
0.956593
0.960531
0.976322
1.03062
1.00354
1.01937
0.999044
0.992108
0.976806
0.982582
0.953136
1.01747
1.06294
0.995021
1.00913
1.01572
0.967545
0.996786
0.967516
0.974728
1.03644
0.997689
0.985778
0.992989
0.985663
1.02814
1.00868
1.01118
0.989115
1.02748
0.977299
1.0029
0.977333
1.04759
0.970157
0.962753
0.98974
1.00507
1.01675
0.978401
0.979877
0.982387
0.966526
0.978386
0.991305
1.01961
0.972906
0.962032
1.00604
0.975597
1.02619
0.972778
1.00726
1.04047
0.998882
0.98591
0.996096
1.03682
0.999941
1.01983
0.971474
1.0202
1.01487
1.01629
1.00718
0.995723
1.01834
1.0113
0.995808
1.02832
1.00139
0.992596
1.01642
1.03381
0.957016
1.04114
1.04304
0.963593
0.968157
0.95233
1.03763
0.964907
1.00405
1.01064
1.04902
0.95837
1.03079
1.03075
0.992812
1.01558
0.960524
1.01881
0.979721
1.02036
1.01615
0.99058
0.99341
1.03045
0.986364
1.02434
0.992992
1.02938
0.992487
1.0253
0.957164
0.986821
0.995875
0.993282
0.987815
0.981071
1.01473
0.981734
0.994491
1.03396
0.972267
0.996059
0.964045
0.985773
1.00114
0.987527
0.968304
0.998661
0.979605
1.02231
0.971326
0.943319
0.97081
1.00721
0.978187
1.01093
1.02811
1.00199
0.986615
1.04401
1.01286
1.00543
1.0311
0.990255
1.01448
1.01067
0.985883
0.99832
1.00138
0.982691
1.01736
0.988932
1.00102
1.00014
0.984189
0.997947
1.05026
0.982524
1.02694
1.0113
1.03225
1.01682
1.04642
1.01168
1.04441
1.01355
1.02063
0.998969
1.02088
1.01937
0.95338
0.992446
0.990369
0.967522
0.978749
1.00107
0.996973
1.00389
0.981059
1.00594
1.00503
1.02204
1.02442
0.994274
1.01581
1.00771
0.957221
1.03029
1.01439
0.977371
1.0221
0.968992
1.00456
1.01649
0.983644
0.94975
0.995021
1.02608
1.01075
1.02356
0.99612
1.0097
0.96747
0.998134
0.942419
1.00084
0.99594
1.01229
0.997227
0.96273
1.00944
0.974702
0.959143
0.997524
1.01438
1.03101
1.04456
1.01848
1.01552
1.04258
1.01063
0.999994
1.00151
1.01639
0.993391
1.02822
1.00149
0.965403
1.04827
0.979278
0.995111
1.00226
0.998754
1.03598
1.03189
0.990539
0.993838
0.975682
1.042
0.993081
0.969647
0.983269
0.953082
0.982873
0.966857
1.01157
1.0236
0.974312
0.995264
0.964039
1.02209
0.984761
1.00542
0.994886
0.995093
1.00427
0.995744
1.04224
0.997992
1.01222
1.00316
0.95284
1.01971
0.996335
0.962232
0.996029
0.96237
0.953325
0.958792
0.970182
0.977164
0.956638
1.01225
0.988467
1.01589
1.01336
0.976601
1.00411
1.02255
0.964223
1.00791
1.00226
1.02423
0.966994
1.03522
1.01167
1.00103
1.03055
1.02546
1.01354
0.989399
1.0134
0.994048
1.00827
0.973472
0.987944
1.02
0.988607
1.00403
1.0361
1.01618
0.937946
0.960903
0.95146
1.02031
1.05666
0.977758
0.986797
1.01604
0.971795
1.03996
1.01984
0.96072
0.98136
1.05486
0.997809
0.985271
0.968459
1.00487
0.960043
1.01317
0.996072
1.01179
1.01654
1.01352
0.981184
1.00418
1.04157
0.9595
0.978104
1.00409
1.00231
0.995785
0.982101
0.987792
1.08292
0.969051
1.00779
0.965204
1.00875
1.02056
1.03038
1.0037
0.971427
1.02717
0.997049
0.992131
0.973884
0.991309
1.00214
0.982354
1.03098
0.975565
0.987177
0.974077
1.01597
0.993781
1.02118
1.03632
1.00591
1.05652
0.958075
0.99576
1.04822
0.967155
0.987051
0.988975
0.971784
1.00174
1.00556
0.989374
1.04443
0.998983
0.973348
0.996245
0.987119
0.938405
1.00064
0.966328
1.00161
0.994157
0.956323
1.00591
0.981223
1.03596
0.989602
1.00431
1.03755
1.01
0.974589
0.963264
1.02255
1.01983
1.00538
1.00735
0.990443
0.996722
0.980424
1.00204
1.04531
0.989932
0.999489
0.997122
0.954976
0.991843
1.05298
1.00602
0.981329
0.982452
1.01216
1.03144
1.0001
0.978692
1.01888
1.02924
1.03692
0.977544
1.00146
0.98899
1.01981
1.02785
0.98956
1.01628
0.993678
0.968511
1.03172
0.991416
0.999606
1.01777
0.991778
0.981855
0.968108
0.994165
0.961355
1.00975
0.980843
1.00697
1.01166
0.974472
0.998693
1.02609
0.995695
1.00319
1.02963
0.998042
0.990638
1.06718
0.967765
1.02146
1.04953
0.999588
0.959794
0.991651
0.961943
0.989158
1.02008
1.03441
0.985538
1.0171
0.987761
0.991644
1.03723
1.01611
0.974835
0.975689
0.995779
1.01232
1.03586
1.00676
1.00824
0.984393
0.967688
1.01313
0.996816
1.01106
1.01643
1.00437
1.00728
0.994136
0.974077
0.983867
1.01115
1.0076
1.01389
0.959172
0.968236
1.01671
0.980522
1.01443
1.00143
0.98085
0.999784
0.962848
1.0108
0.972672
1.01403
0.999492
1.01348
0.999223
0.983053
0.936983
0.991279
0.977001
1.00093
0.994978
0.977016
0.977458
0.995139
1.01608
1.00471
1.0279
0.935491
0.992359
1.00327
1.03001
1.00576
0.965994
1.01318
0.979341
0.928959
1.00144
0.984332
0.998632
1.00835
0.992424
0.973794
0.965833
0.984168
0.999668
1.03301
0.991389
0.994291
1.01656
0.933248
0.984643
1.03651
0.998095
1.006
1.04933
0.976082
0.954985
0.997062
0.987211
0.970284
1.03548
1.02364
0.958362
0.990259
1.02048
1.01151
0.991901
0.963242
0.989624
1.04288
1.00043
1.02212
1.00968
1.02856
1.00323
0.992047
1.0129
0.96946
0.989666
1.0195
1.01227
1.04425
1.06083
1.04724
0.976902
1.03141
1.04291
0.977936
0.985987
1.00068
0.999737
0.988678
0.97989
1.00359
1.03068
1.00481
1.05046
0.981942
1.04564
0.966647
0.981361
0.995878
0.981147
0.990504
1.01344
1.02181
0.961424
1.01455
1.02861
1.04381
1.0122
1.02615
